39, 168, 0, 123, 150, 33, 200, 116, 190, 54, 203, 9, 218, 58, 247, 145, 68, 164, 79, 182, 105, 148, 30, 243, 156, 82, 165, 75, 146, 245, 66, 163, 221, 94, 159, 120, 72, 206, 92, 215, 85, 158, 99, 229, 8, 243, 105, 32, 75, 226, 148, 30, 203, 106, 220, 39, 242, 116, 202, 88, 134, 171, 23, 182, 76, 153, 122, 52, 208, 146, 24, 186, 118, 16, 250, 99, 148, 122, 22, 181, 47, 156, 229, 88, 7, 137, 215, 75, 254, 116, 65, 241, 157, 81, 235, 2, 111, 168, 89, 144, 232, 28, 254, 1, 145, 119, 201, 8, 191, 61, 124, 251, 38, 138, 199, 46, 85, 187, 116, 57, 222, 169, 99, 4, 204, 111, 30, 177, 
230, 105, 136, 222, 73, 243, 84, 220, 25, 229, 108, 151, 76, 193, 21, 113, 233, 29, 223, 117, 5, 232, 126, 58, 120, 204, 40, 190, 9, 123, 208, 29, 132, 48, 228, 14, 242, 43, 170, 3, 179, 54, 198, 71, 185, 50, 200, 127, 179, 93, 46, 241, 129, 18, 141, 184, 64, 164, 53, 235, 4, 81, 205, 110, 251, 26, 172, 240, 3, 104, 221, 141, 49, 129, 168, 31, 225, 63, 214, 85, 253, 103, 25, 189, 113, 198, 53, 163, 27, 175, 138, 36, 113, 190, 55, 148, 229, 65, 219, 50, 83, 178, 132, 98, 223, 33, 100, 242, 116, 169, 17, 165, 87, 223, 60, 152, 236, 135, 34, 194, 124, 28, 157, 219, 54, 152, 253, 71, 
128, 23, 187, 42, 164, 12, 175, 61, 125, 141, 39, 253, 129, 44, 136, 200, 83, 176, 71, 142, 199, 66, 161, 221, 14, 134, 250, 96, 218, 46, 151, 102, 252, 88, 140, 181, 79, 161, 67, 202, 80, 236, 17, 144, 110, 156, 82, 254, 20, 215, 115, 155, 67, 231, 57, 123, 210, 21, 190, 112, 140, 227, 94, 50, 131, 211, 46, 89, 158, 196, 37, 86, 228, 160, 56, 200, 89, 177, 41, 166, 12, 149, 208, 51, 171, 31, 237, 121, 212, 59, 226, 97, 220, 15, 171, 104, 36, 183, 7, 152, 214, 103, 45, 198, 64, 182, 155, 84, 36, 213, 80, 133, 193, 11, 172, 106, 18, 79, 228, 140, 64, 235, 48, 107, 191, 89, 12, 197, 
59, 207, 75, 251, 94, 211, 47, 149, 241, 68, 182, 17, 173, 106, 238, 50, 156, 11, 193, 46, 124, 254, 35, 99, 185, 91, 23, 170, 79, 178, 61, 199, 6, 191, 34, 121, 218, 28, 247, 117, 152, 44, 129, 249, 34, 224, 2, 114, 163, 61, 192, 9, 169, 98, 196, 0, 137, 249, 95, 44, 181, 29, 159, 200, 8, 147, 112, 191, 58, 95, 255, 135, 9, 93, 236, 123, 0, 128, 239, 114, 201, 57, 129, 242, 78, 160, 102, 13, 92, 184, 8, 159, 85, 203, 68, 245, 135, 95, 250, 125, 22, 185, 138, 13, 248, 125, 19, 228, 137, 102, 235, 31, 119, 241, 68, 217, 121, 206, 97, 8, 200, 87, 146, 244, 24, 173, 114, 148, 
240, 98, 172, 20, 158, 81, 184, 117, 2, 201, 102, 221, 55, 210, 6, 167, 89, 240, 98, 217, 18, 145, 114, 212, 64, 228, 147, 54, 238, 18, 227, 134, 85, 142, 211, 60, 138, 175, 100, 19, 221, 105, 206, 59, 188, 92, 140, 212, 40, 237, 135, 89, 250, 34, 117, 226, 86, 37, 142, 217, 71, 237, 124, 78, 244, 64, 231, 14, 220, 144, 23, 180, 116, 188, 28, 172, 108, 197, 79, 27, 139, 227, 89, 4, 183, 58, 204, 127, 231, 67, 124, 251, 32, 116, 179, 20, 210, 43, 166, 85, 228, 53, 207, 110, 146, 47, 197, 57, 186, 3, 142, 200, 55, 136, 178, 43, 184, 26, 151, 247, 76, 177, 14, 128, 205, 53, 225, 33, 
138, 6, 115, 233, 59, 217, 29, 231, 96, 159, 42, 143, 124, 79, 189, 65, 202, 33, 170, 59, 183, 52, 168, 8, 175, 37, 119, 187, 88, 161, 118, 37, 240, 22, 113, 245, 10, 87, 232, 140, 64, 177, 11, 164, 116, 23, 194, 77, 167, 111, 30, 209, 55, 138, 178, 65, 170, 113, 199, 11, 118, 149, 18, 179, 40, 170, 126, 177, 44, 109, 214, 73, 243, 68, 212, 76, 249, 48, 157, 233, 93, 37, 142, 219, 121, 249, 23, 178, 40, 149, 207, 56, 146, 237, 58, 162, 73, 188, 120, 33, 128, 164, 80, 236, 73, 217, 93, 171, 75, 254, 51, 113, 229, 88, 4, 252, 91, 166, 126, 36, 189, 56, 229, 45, 102, 163, 74, 185, 
57, 222, 155, 37, 194, 112, 144, 63, 205, 71, 244, 13, 226, 148, 29, 249, 116, 150, 74, 246, 88, 224, 76, 241, 136, 104, 248, 2, 207, 68, 216, 107, 156, 97, 193, 42, 128, 188, 47, 201, 121, 41, 228, 72, 239, 132, 63, 246, 13, 225, 80, 162, 102, 205, 15, 240, 25, 221, 54, 130, 246, 67, 210, 90, 222, 105, 27, 83, 247, 155, 53, 165, 17, 150, 42, 164, 18, 189, 105, 8, 182, 112, 196, 76, 35, 107, 164, 81, 240, 106, 24, 192, 100, 5, 200, 126, 234, 10, 221, 109, 243, 4, 189, 32, 167, 9, 159, 29, 202, 133, 95, 170, 21, 211, 158, 111, 53, 225, 69, 218, 117, 160, 90, 137, 216, 2, 249, 120, 
204, 131, 79, 175, 100, 9, 254, 125, 23, 179, 113, 194, 46, 95, 179, 104, 15, 227, 130, 1, 153, 32, 200, 124, 24, 183, 56, 154, 45, 167, 13, 195, 50, 231, 70, 151, 225, 77, 169, 1, 254, 137, 98, 192, 45, 207, 149, 51, 181, 120, 201, 4, 234, 48, 147, 104, 183, 74, 151, 188, 32, 168, 43, 161, 1, 185, 120, 200, 132, 6, 203, 87, 218, 98, 232, 82, 207, 64, 145, 216, 67, 252, 19, 137, 169, 228, 54, 214, 3, 172, 130, 69, 218, 134, 83, 30, 106, 158, 76, 176, 66, 155, 60, 203, 104, 232, 70, 240, 111, 14, 195, 41, 189, 123, 46, 203, 145, 15, 170, 105, 5, 252, 30, 195, 63, 176, 140, 26, 
103, 15, 247, 50, 228, 153, 53, 163, 223, 92, 56, 152, 118, 235, 62, 214, 137, 57, 197, 101, 188, 112, 142, 68, 231, 92, 214, 77, 223, 109, 255, 64, 163, 4, 176, 117, 24, 197, 62, 159, 69, 184, 25, 153, 128, 6, 101, 219, 90, 38, 143, 110, 155, 83, 194, 36, 131, 255, 5, 93, 225, 123, 216, 73, 252, 79, 233, 48, 96, 238, 69, 174, 37, 183, 4, 154, 115, 244, 43, 131, 174, 50, 123, 208, 87, 11, 147, 97, 187, 52, 244, 154, 44, 167, 224, 122, 255, 40, 208, 20, 216, 92, 252, 117, 51, 135, 179, 38, 150, 221, 76, 247, 141, 66, 238, 28, 119, 243, 60, 192, 135, 96, 155, 114, 239, 38, 92, 182, 
235, 136, 69, 199, 24, 118, 191, 86, 5, 137, 249, 25, 207, 3, 162, 37, 174, 121, 27, 234, 45, 212, 13, 194, 47, 166, 16, 179, 132, 27, 138, 185, 80, 206, 57, 251, 94, 135, 238, 39, 213, 89, 222, 58, 243, 114, 174, 28, 157, 253, 71, 222, 25, 245, 92, 218, 58, 158, 112, 197, 82, 14, 107, 193, 56, 152, 20, 140, 190, 32, 150, 110, 235, 63, 130, 202, 29, 99, 179, 15, 85, 222, 160, 44, 246, 117, 202, 34, 114, 210, 90, 13, 232, 94, 17, 164, 61, 172, 96, 148, 47, 166, 13, 141, 222, 24, 119, 208, 90, 55, 174, 104, 9, 131, 156, 99, 186, 79, 207, 24, 232, 42, 215, 17, 83, 130, 219, 65, 
31, 209, 109, 147, 89, 216, 35, 234, 127, 196, 51, 165, 68, 188, 92, 255, 67, 220, 147, 70, 169, 94, 252, 87, 158, 81, 245, 111, 58, 234, 95, 33, 240, 103, 144, 35, 210, 12, 112, 166, 126, 9, 122, 179, 20, 211, 68, 235, 130, 16, 177, 53, 187, 126, 10, 122, 172, 21, 229, 38, 140, 243, 157, 30, 126, 212, 101, 224, 60, 128, 198, 13, 142, 106, 254, 59, 144, 224, 61, 240, 154, 103, 1, 190, 74, 176, 60, 230, 161, 26, 142, 199, 58, 129, 191, 71, 201, 1, 242, 81, 233, 72, 199, 41, 153, 100, 191, 1, 244, 142, 23, 232, 116, 213, 50, 230, 0, 149, 48, 162, 86, 170, 72, 190, 143, 199, 8, 162, 
190, 46, 169, 3, 183, 64, 172, 139, 44, 101, 218, 85, 239, 133, 20, 141, 199, 10, 108, 243, 18, 155, 40, 176, 3, 201, 35, 139, 196, 7, 209, 120, 150, 19, 190, 110, 156, 81, 202, 32, 230, 103, 250, 76, 158, 87, 193, 49, 106, 197, 94, 151, 76, 213, 107, 238, 69, 207, 62, 120, 183, 54, 88, 230, 163, 41, 184, 9, 118, 250, 66, 219, 50, 192, 20, 169, 117, 6, 195, 125, 30, 234, 133, 55, 220, 22, 143, 125, 65, 253, 48, 109, 152, 248, 35, 217, 116, 151, 51, 186, 29, 173, 108, 229, 69, 249, 62, 168, 110, 42, 196, 58, 183, 26, 165, 88, 197, 102, 248, 67, 212, 10, 245, 123, 33, 105, 255, 78, 
98, 241, 60, 220, 115, 250, 16, 91, 243, 158, 12, 178, 34, 99, 193, 114, 48, 135, 186, 82, 208, 73, 222, 111, 236, 127, 99, 227, 63, 162, 69, 173, 56, 213, 67, 223, 49, 243, 91, 182, 53, 173, 29, 200, 42, 170, 0, 147, 216, 36, 241, 7, 174, 41, 165, 32, 181, 100, 138, 236, 18, 214, 135, 4, 94, 247, 71, 137, 176, 28, 171, 99, 159, 88, 227, 47, 211, 94, 147, 80, 186, 70, 200, 111, 151, 98, 238, 8, 195, 75, 165, 215, 6, 87, 177, 102, 26, 225, 105, 137, 213, 121, 7, 126, 175, 19, 211, 82, 146, 227, 74, 158, 94, 251, 75, 219, 63, 159, 19, 184, 134, 107, 153, 62, 226, 168, 51, 151, 
14, 113, 197, 91, 39, 145, 120, 187, 30, 111, 204, 73, 154, 215, 61, 241, 87, 229, 25, 160, 52, 182, 133, 28, 146, 44, 171, 20, 188, 102, 250, 15, 233, 115, 170, 0, 180, 138, 21, 141, 219, 73, 148, 113, 227, 65, 248, 123, 60, 166, 81, 205, 67, 251, 89, 221, 131, 2, 195, 47, 170, 66, 178, 114, 192, 26, 123, 234, 76, 209, 112, 0, 243, 36, 121, 175, 66, 248, 23, 209, 42, 163, 17, 255, 40, 206, 84, 158, 103, 222, 20, 93, 184, 136, 55, 239, 140, 83, 175, 15, 78, 245, 90, 204, 58, 156, 46, 184, 16, 129, 201, 5, 175, 40, 145, 12, 177, 43, 224, 121, 29, 235, 46, 202, 95, 21, 125, 230, 
139, 177, 27, 156, 229, 78, 210, 67, 224, 146, 41, 231, 121, 8, 166, 31, 176, 126, 204, 63, 250, 7, 104, 192, 76, 248, 86, 217, 119, 39, 136, 192, 93, 38, 134, 248, 99, 55, 233, 114, 5, 132, 240, 14, 92, 183, 138, 24, 225, 115, 190, 27, 160, 123, 15, 142, 52, 246, 91, 149, 106, 253, 34, 209, 50, 146, 204, 15, 160, 52, 229, 145, 74, 206, 152, 12, 190, 113, 161, 72, 241, 96, 171, 81, 179, 136, 31, 191, 39, 145, 118, 242, 45, 227, 120, 12, 203, 39, 253, 130, 164, 42, 189, 28, 239, 77, 219, 92, 255, 51, 112, 241, 83, 216, 108, 240, 81, 203, 138, 73, 173, 90, 186, 1, 132, 208, 174, 59, 
222, 71, 246, 130, 11, 165, 36, 174, 0, 83, 193, 136, 56, 248, 103, 206, 77, 2, 107, 168, 84, 150, 232, 49, 207, 11, 180, 51, 149, 208, 87, 32, 141, 198, 85, 43, 128, 208, 70, 188, 97, 197, 57, 167, 215, 35, 98, 194, 87, 12, 139, 230, 77, 215, 109, 201, 82, 162, 31, 226, 12, 144, 124, 74, 242, 103, 63, 179, 82, 196, 33, 119, 181, 48, 102, 237, 90, 34, 218, 141, 9, 193, 49, 228, 5, 77, 246, 113, 231, 58, 174, 78, 163, 22, 190, 128, 72, 168, 99, 54, 209, 110, 145, 98, 134, 180, 8, 163, 65, 188, 142, 37, 169, 19, 185, 52, 164, 105, 7, 253, 55, 220, 69, 166, 237, 84, 35, 118, 
5, 184, 43, 103, 214, 72, 239, 109, 132, 252, 100, 19, 175, 129, 37, 124, 224, 119, 237, 29, 216, 38, 119, 167, 93, 156, 80, 230, 108, 4, 244, 117, 229, 9, 220, 146, 191, 16, 172, 39, 255, 32, 151, 120, 59, 131, 233, 51, 159, 254, 100, 55, 176, 46, 183, 23, 232, 116, 205, 77, 173, 70, 223, 157, 7, 164, 219, 44, 239, 131, 90, 253, 18, 220, 142, 63, 203, 132, 61, 122, 230, 86, 148, 110, 133, 211, 95, 16, 138, 187, 0, 212, 53, 206, 64, 155, 232, 4, 220, 149, 23, 236, 3, 213, 39, 107, 230, 123, 208, 24, 103, 225, 89, 156, 75, 209, 30, 233, 130, 83, 192, 17, 147, 116, 26, 129, 251, 159, 
206, 86, 150, 195, 53, 179, 138, 26, 186, 40, 151, 235, 59, 221, 83, 189, 21, 163, 54, 183, 138, 91, 201, 17, 241, 42, 169, 27, 184, 130, 59, 178, 73, 165, 108, 29, 80, 239, 118, 153, 87, 130, 209, 19, 246, 157, 8, 204, 127, 33, 186, 135, 3, 244, 95, 129, 154, 43, 98, 190, 55, 198, 28, 93, 200, 130, 22, 120, 149, 5, 184, 54, 170, 108, 31, 183, 3, 163, 252, 21, 157, 38, 198, 25, 182, 37, 161, 203, 74, 123, 251, 92, 147, 114, 247, 29, 95, 197, 63, 112, 194, 87, 171, 68, 248, 153, 84, 34, 96, 237, 152, 11, 206, 43, 249, 114, 149, 59, 197, 140, 41, 127, 244, 49, 215, 164, 54, 96, 
37, 233, 18, 125, 254, 8, 97, 227, 85, 213, 71, 123, 200, 5, 157, 96, 253, 69, 202, 101, 9, 226, 55, 144, 69, 212, 96, 254, 71, 219, 153, 23, 205, 48, 252, 122, 212, 100, 45, 202, 10, 226, 64, 190, 102, 68, 176, 105, 63, 213, 74, 232, 108, 151, 65, 218, 8, 249, 135, 20, 241, 108, 133, 231, 37, 83, 251, 167, 68, 224, 97, 205, 66, 155, 246, 79, 223, 99, 54, 189, 115, 216, 103, 250, 91, 236, 126, 63, 221, 27, 154, 38, 200, 14, 101, 183, 139, 37, 133, 250, 48, 159, 33, 193, 120, 17, 196, 128, 176, 63, 122, 192, 71, 172, 99, 3, 187, 119, 23, 229, 102, 204, 77, 180, 100, 10, 200, 136, 
122, 68, 173, 81, 144, 116, 198, 42, 168, 13, 178, 31, 143, 111, 195, 46, 147, 131, 33, 242, 127, 165, 106, 234, 129, 1, 193, 47, 143, 14, 105, 236, 90, 158, 62, 186, 2, 168, 230, 71, 160, 96, 178, 47, 143, 220, 30, 236, 153, 15, 173, 42, 206, 28, 192, 51, 168, 69, 182, 113, 145, 0, 180, 54, 153, 207, 102, 51, 192, 116, 27, 132, 227, 8, 115, 174, 35, 129, 207, 89, 44, 164, 2, 142, 46, 152, 11, 176, 50, 190, 116, 235, 86, 133, 219, 67, 238, 85, 174, 13, 182, 77, 234, 136, 80, 223, 60, 243, 0, 204, 47, 136, 232, 32, 144, 222, 66, 242, 154, 51, 170, 4, 161, 32, 234, 149, 73, 245, 
155, 219, 50, 211, 27, 236, 60, 154, 104, 244, 92, 225, 76, 246, 63, 219, 12, 208, 86, 171, 78, 40, 198, 24, 185, 112, 150, 88, 198, 120, 177, 41, 168, 17, 224, 139, 78, 132, 26, 126, 249, 30, 116, 238, 1, 125, 199, 49, 115, 246, 133, 90, 161, 122, 79, 236, 99, 208, 26, 228, 49, 216, 78, 248, 118, 10, 135, 233, 17, 158, 245, 43, 147, 94, 194, 58, 149, 237, 11, 145, 244, 69, 224, 79, 212, 72, 226, 105, 244, 82, 7, 166, 57, 178, 46, 169, 8, 210, 102, 227, 59, 203, 106, 9, 180, 42, 170, 103, 159, 91, 253, 20, 106, 182, 61, 126, 199, 13, 92, 218, 123, 250, 64, 209, 120, 57, 178, 23, 
93, 2, 185, 76, 163, 90, 176, 17, 201, 67, 161, 50, 183, 20, 170, 79, 179, 109, 231, 19, 136, 251, 86, 160, 76, 247, 35, 223, 25, 239, 63, 204, 82, 196, 104, 34, 242, 164, 94, 211, 56, 149, 198, 75, 171, 81, 147, 93, 191, 83, 38, 220, 10, 251, 147, 18, 165, 45, 156, 81, 168, 96, 163, 23, 185, 92, 171, 40, 213, 60, 112, 201, 76, 240, 25, 215, 121, 76, 177, 118, 28, 197, 108, 179, 24, 166, 121, 33, 130, 201, 111, 138, 215, 25, 254, 107, 127, 157, 31, 143, 123, 24, 155, 252, 73, 208, 124, 29, 221, 56, 150, 115, 214, 82, 239, 21, 146, 112, 176, 81, 27, 97, 184, 135, 14, 202, 112, 225, 
192, 135, 106, 249, 45, 215, 71, 231, 47, 188, 1, 209, 118, 142, 41, 240, 128, 45, 157, 104, 213, 4, 181, 52, 203, 60, 162, 109, 141, 96, 154, 5, 247, 46, 133, 182, 113, 42, 193, 7, 177, 106, 18, 214, 42, 252, 23, 229, 5, 177, 140, 117, 196, 61, 128, 214, 74, 222, 90, 254, 13, 210, 65, 222, 58, 237, 69, 188, 139, 89, 169, 13, 180, 51, 128, 160, 17, 204, 39, 231, 100, 155, 14, 135, 234, 57, 206, 89, 172, 20, 240, 42, 94, 187, 141, 55, 204, 74, 245, 81, 167, 212, 56, 125, 148, 18, 238, 87, 139, 195, 38, 178, 7, 165, 46, 190, 55, 254, 35, 211, 140, 227, 37, 88, 238, 141, 39, 82, 
33, 236, 21, 117, 181, 6, 142, 109, 146, 78, 251, 107, 57, 235, 100, 153, 3, 197, 74, 189, 58, 151, 110, 225, 15, 127, 187, 9, 207, 39, 221, 112, 144, 92, 227, 11, 207, 87, 138, 225, 61, 244, 144, 85, 183, 70, 160, 113, 203, 54, 240, 25, 96, 175, 32, 105, 184, 4, 174, 56, 193, 44, 148, 110, 143, 30, 211, 122, 1, 255, 47, 221, 137, 105, 229, 67, 252, 59, 153, 84, 186, 51, 248, 64, 124, 189, 4, 253, 52, 192, 71, 158, 226, 2, 88, 230, 20, 192, 40, 216, 1, 100, 229, 27, 200, 117, 50, 191, 12, 121, 228, 93, 248, 76, 202, 95, 162, 74, 183, 121, 8, 159, 112, 194, 54, 96, 253, 160, 
204, 72, 151, 224, 65, 124, 243, 24, 218, 122, 29, 149, 186, 15, 192, 85, 217, 56, 247, 23, 122, 236, 34, 144, 102, 232, 70, 243, 85, 179, 72, 170, 27, 185, 67, 172, 59, 253, 24, 115, 165, 33, 124, 235, 12, 130, 223, 35, 100, 165, 71, 150, 227, 57, 242, 145, 63, 233, 113, 151, 102, 129, 245, 6, 201, 99, 152, 59, 197, 126, 176, 96, 33, 206, 3, 186, 92, 131, 193, 6, 114, 214, 81, 199, 31, 144, 110, 156, 101, 129, 220, 34, 115, 173, 134, 49, 153, 116, 176, 65, 147, 188, 83, 173, 71, 225, 140, 96, 246, 53, 157, 24, 143, 125, 30, 235, 2, 217, 134, 60, 246, 50, 221, 18, 131, 182, 7, 128, 
52, 178, 99, 41, 199, 157, 49, 173, 61, 160, 205, 94, 44, 221, 114, 31, 166, 131, 98, 139, 210, 81, 191, 64, 197, 28, 154, 48, 146, 20, 255, 52, 215, 119, 241, 36, 128, 156, 91, 202, 78, 217, 66, 155, 104, 195, 58, 137, 247, 17, 217, 108, 1, 182, 111, 16, 204, 133, 35, 239, 19, 214, 80, 186, 84, 242, 18, 226, 106, 27, 79, 239, 156, 72, 167, 112, 26, 217, 49, 242, 146, 21, 171, 95, 239, 75, 225, 36, 214, 10, 149, 97, 246, 61, 212, 105, 249, 11, 93, 236, 108, 45, 244, 54, 162, 6, 181, 35, 135, 203, 72, 216, 58, 224, 149, 69, 171, 104, 25, 196, 85, 172, 72, 147, 232, 70, 217, 108, 
244, 10, 212, 137, 19, 92, 206, 127, 239, 9, 83, 232, 165, 68, 145, 254, 49, 228, 11, 180, 42, 170, 8, 252, 131, 90, 219, 111, 203, 99, 135, 193, 84, 0, 148, 101, 220, 15, 234, 40, 181, 3, 171, 44, 229, 28, 119, 208, 68, 187, 80, 200, 136, 66, 221, 164, 51, 94, 197, 77, 176, 117, 28, 157, 38, 136, 181, 74, 168, 120, 201, 9, 122, 224, 38, 248, 139, 97, 161, 123, 66, 195, 46, 160, 12, 176, 59, 185, 87, 169, 64, 198, 16, 182, 27, 166, 63, 185, 137, 23, 195, 132, 15, 202, 104, 255, 61, 218, 107, 2, 179, 113, 163, 14, 117, 210, 38, 241, 140, 114, 230, 31, 212, 120, 46, 165, 30, 148, 
126, 172, 56, 230, 114, 255, 84, 33, 101, 191, 133, 21, 127, 199, 7, 123, 159, 90, 201, 71, 244, 75, 120, 157, 38, 183, 2, 174, 41, 231, 13, 115, 162, 235, 61, 191, 70, 175, 141, 98, 133, 248, 84, 204, 76, 139, 178, 7, 155, 43, 167, 29, 255, 122, 37, 88, 249, 139, 9, 224, 40, 134, 207, 88, 233, 110, 54, 247, 42, 220, 85, 187, 54, 133, 191, 63, 203, 12, 235, 35, 222, 113, 255, 61, 218, 104, 151, 18, 249, 43, 232, 138, 86, 127, 235, 91, 218, 41, 208, 119, 59, 223, 156, 120, 39, 127, 167, 78, 151, 235, 85, 36, 245, 101, 184, 80, 156, 62, 186, 10, 79, 125, 157, 1, 241, 100, 201, 75, 
39, 107, 192, 73, 170, 0, 187, 120, 225, 65, 163, 247, 53, 97, 224, 64, 207, 27, 150, 129, 30, 140, 222, 61, 214, 116, 246, 88, 130, 159, 77, 223, 32, 105, 168, 25, 211, 120, 53, 197, 21, 108, 186, 14, 122, 253, 72, 218, 84, 238, 115, 191, 53, 161, 213, 126, 27, 187, 111, 146, 100, 252, 67, 189, 14, 210, 127, 7, 177, 140, 21, 145, 245, 91, 15, 163, 86, 181, 74, 131, 166, 0, 91, 182, 120, 39, 228, 125, 77, 178, 109, 30, 223, 47, 147, 7, 122, 162, 76, 251, 139, 32, 88, 239, 80, 206, 17, 189, 31, 128, 193, 133, 67, 200, 47, 252, 17, 226, 94, 219, 136, 248, 52, 205, 60, 189, 17, 228, 
144, 248, 24, 159, 45, 203, 55, 155, 14, 210, 37, 108, 204, 155, 39, 177, 105, 241, 59, 226, 101, 184, 16, 176, 97, 22, 147, 50, 237, 23, 208, 91, 140, 201, 55, 250, 135, 6, 239, 76, 221, 147, 49, 233, 152, 36, 164, 25, 182, 134, 11, 102, 228, 86, 6, 195, 155, 73, 236, 53, 193, 2, 162, 48, 166, 76, 154, 204, 103, 50, 231, 98, 35, 141, 218, 48, 232, 32, 119, 213, 71, 146, 208, 26, 143, 199, 69, 191, 145, 1, 196, 141, 99, 132, 201, 82, 242, 31, 172, 3, 187, 112, 211, 9, 186, 97, 222, 57, 242, 98, 19, 227, 148, 6, 164, 87, 180, 132, 44, 166, 26, 101, 183, 91, 152, 80, 167, 89, 
4, 129, 208, 79, 237, 135, 95, 242, 126, 90, 139, 182, 4, 88, 238, 121, 17, 125, 175, 1, 205, 86, 239, 53, 129, 228, 83, 202, 93, 190, 118, 37, 245, 9, 157, 113, 67, 189, 44, 161, 125, 69, 175, 101, 60, 214, 90, 243, 51, 95, 209, 157, 23, 148, 244, 96, 44, 215, 16, 172, 87, 217, 107, 241, 62, 230, 32, 84, 250, 129, 68, 210, 113, 196, 70, 177, 102, 138, 244, 19, 188, 40, 110, 246, 88, 7, 237, 31, 115, 243, 54, 215, 13, 255, 35, 189, 103, 205, 67, 231, 81, 168, 72, 163, 130, 36, 122, 166, 75, 153, 209, 64, 114, 237, 56, 215, 32, 109, 207, 76, 149, 210, 13, 169, 28, 252, 44, 214, 
179, 97, 51, 183, 105, 21, 213, 41, 172, 28, 252, 60, 229, 145, 25, 185, 82, 196, 46, 163, 113, 35, 137, 211, 156, 39, 166, 11, 152, 66, 176, 138, 63, 128, 188, 31, 230, 140, 95, 203, 10, 241, 27, 223, 136, 1, 197, 63, 146, 231, 39, 79, 202, 130, 61, 174, 116, 137, 199, 64, 158, 46, 149, 25, 183, 101, 138, 180, 18, 160, 189, 2, 173, 24, 254, 134, 4, 194, 63, 170, 85, 234, 152, 56, 175, 118, 150, 100, 210, 73, 161, 92, 180, 71, 118, 157, 18, 145, 129, 37, 200, 19, 245, 51, 226, 108, 249, 5, 201, 44, 125, 168, 28, 175, 130, 99, 139, 196, 3, 250, 39, 114, 239, 85, 198, 106, 161, 82, 
35, 240, 150, 11, 223, 141, 71, 186, 75, 199, 103, 161, 35, 130, 215, 51, 250, 96, 220, 67, 253, 167, 78, 6, 105, 249, 73, 220, 45, 251, 5, 214, 100, 227, 58, 205, 124, 18, 254, 82, 158, 110, 195, 41, 187, 107, 128, 169, 16, 118, 162, 250, 106, 36, 222, 13, 238, 35, 104, 247, 21, 223, 80, 203, 119, 5, 216, 57, 224, 42, 120, 242, 57, 157, 121, 44, 225, 78, 159, 49, 200, 10, 98, 221, 22, 206, 58, 169, 46, 175, 24, 233, 39, 136, 225, 65, 238, 78, 214, 102, 148, 124, 62, 194, 22, 160, 68, 180, 83, 232, 11, 254, 120, 46, 222, 15, 244, 79, 171, 91, 190, 142, 56, 179, 49, 231, 16, 220, 
197, 69, 122, 166, 57, 198, 128, 7, 233, 131, 13, 218, 118, 63, 167, 103, 148, 12, 132, 151, 19, 117, 199, 124, 189, 27, 196, 108, 180, 81, 160, 49, 183, 27, 118, 152, 74, 181, 116, 34, 210, 57, 132, 170, 71, 251, 46, 225, 85, 190, 74, 3, 139, 185, 89, 194, 72, 129, 177, 77, 165, 95, 169, 51, 254, 134, 88, 153, 107, 197, 65, 146, 93, 222, 67, 168, 112, 205, 29, 251, 108, 132, 167, 42, 181, 94, 252, 14, 229, 81, 194, 67, 122, 204, 4, 171, 42, 179, 10, 253, 44, 229, 154, 84, 173, 92, 211, 48, 144, 112, 184, 54, 145, 204, 73, 169, 61, 157, 50, 231, 18, 104, 223, 7, 143, 66, 147, 110, 
131, 171, 26, 251, 116, 31, 245, 100, 149, 68, 180, 81, 154, 245, 6, 211, 70, 234, 40, 213, 94, 229, 44, 241, 85, 170, 62, 144, 20, 225, 102, 238, 75, 131, 242, 1, 217, 47, 224, 146, 88, 247, 5, 97, 200, 24, 151, 100, 203, 32, 221, 126, 235, 54, 165, 30, 144, 229, 0, 212, 39, 234, 10, 191, 70, 173, 40, 240, 12, 127, 232, 27, 206, 10, 131, 239, 17, 95, 179, 139, 61, 211, 70, 240, 137, 52, 130, 192, 104, 155, 8, 250, 153, 80, 164, 85, 209, 108, 151, 69, 183, 95, 0, 220, 41, 237, 14, 123, 195, 23, 95, 214, 89, 0, 190, 116, 234, 21, 182, 65, 146, 195, 69, 124, 212, 102, 246, 58, 
8, 229, 112, 63, 190, 140, 82, 193, 23, 208, 42, 225, 24, 124, 143, 43, 194, 106, 176, 57, 186, 65, 172, 15, 153, 48, 236, 93, 206, 51, 172, 12, 145, 193, 70, 164, 91, 173, 104, 13, 183, 53, 153, 232, 62, 124, 237, 8, 143, 111, 167, 83, 19, 209, 70, 252, 109, 55, 184, 120, 147, 63, 141, 103, 228, 20, 205, 97, 187, 49, 165, 82, 151, 104, 200, 56, 140, 227, 84, 6, 232, 24, 190, 105, 2, 217, 83, 142, 33, 223, 126, 90, 29, 219, 48, 244, 135, 25, 195, 121, 28, 205, 114, 134, 181, 64, 147, 251, 59, 224, 154, 32, 162, 247, 136, 35, 105, 202, 87, 214, 111, 43, 237, 156, 38, 167, 25, 191, 
152, 55, 203, 157, 3, 226, 38, 114, 238, 93, 168, 76, 195, 58, 235, 110, 156, 26, 129, 246, 8, 146, 107, 223, 76, 209, 0, 165, 64, 155, 89, 198, 109, 22, 215, 42, 245, 25, 134, 238, 80, 202, 119, 31, 137, 173, 58, 208, 66, 248, 49, 199, 140, 97, 180, 9, 160, 219, 92, 22, 249, 112, 206, 43, 144, 111, 156, 64, 132, 221, 91, 251, 41, 182, 30, 121, 210, 34, 128, 195, 115, 173, 54, 155, 198, 116, 20, 244, 120, 49, 202, 141, 190, 60, 182, 16, 99, 227, 74, 240, 137, 55, 248, 30, 88, 203, 109, 34, 178, 131, 68, 236, 126, 58, 86, 227, 151, 41, 175, 6, 255, 134, 22, 94, 226, 74, 218, 98, 
253, 119, 34, 125, 211, 91, 135, 177, 65, 156, 0, 254, 115, 174, 16, 182, 61, 200, 83, 142, 113, 197, 33, 134, 178, 59, 193, 110, 247, 17, 218, 40, 254, 127, 83, 179, 65, 123, 209, 45, 157, 20, 226, 106, 211, 16, 186, 95, 162, 22, 153, 108, 242, 38, 115, 201, 86, 33, 152, 196, 48, 178, 17, 242, 68, 214, 47, 247, 26, 159, 6, 117, 209, 75, 245, 154, 59, 162, 247, 78, 36, 141, 254, 86, 38, 236, 160, 70, 208, 163, 78, 21, 107, 233, 76, 128, 175, 53, 161, 6, 177, 104, 168, 140, 234, 9, 158, 219, 100, 4, 197, 106, 19, 217, 165, 11, 128, 242, 73, 161, 60, 188, 115, 200, 0, 177, 136, 64, 
18, 174, 236, 79, 166, 43, 249, 16, 216, 48, 204, 138, 34, 92, 214, 78, 242, 3, 227, 47, 212, 79, 255, 100, 24, 243, 128, 32, 138, 185, 79, 163, 67, 151, 234, 9, 149, 194, 72, 177, 99, 169, 68, 179, 75, 254, 117, 34, 219, 131, 229, 6, 74, 158, 226, 51, 135, 244, 106, 68, 225, 80, 154, 95, 175, 1, 181, 115, 192, 72, 202, 144, 20, 174, 108, 0, 191, 113, 16, 136, 199, 93, 11, 134, 179, 97, 45, 187, 5, 101, 247, 122, 206, 1, 147, 252, 29, 218, 112, 212, 45, 224, 16, 77, 125, 191, 52, 80, 170, 244, 47, 140, 185, 42, 103, 209, 90, 28, 193, 100, 209, 46, 170, 77, 244, 117, 33, 208, 
129, 85, 141, 12, 121, 187, 70, 162, 84, 184, 61, 102, 230, 150, 49, 164, 97, 152, 73, 171, 21, 158, 53, 187, 118, 147, 82, 231, 68, 121, 228, 4, 212, 33, 106, 202, 97, 35, 252, 2, 217, 40, 245, 10, 159, 47, 143, 194, 89, 42, 80, 166, 215, 133, 23, 122, 211, 15, 174, 137, 5, 127, 197, 34, 117, 220, 89, 55, 130, 237, 37, 100, 231, 60, 142, 236, 69, 215, 86, 220, 52, 229, 114, 214, 26, 224, 142, 87, 231, 146, 35, 174, 64, 168, 113, 50, 197, 131, 61, 95, 186, 85, 155, 210, 37, 93, 231, 138, 26, 127, 84, 206, 70, 251, 145, 55, 167, 222, 138, 15, 119, 233, 29, 150, 57, 194, 90, 162, 
228, 46, 217, 107, 242, 27, 220, 117, 233, 30, 133, 189, 10, 128, 248, 28, 207, 37, 216, 111, 238, 64, 218, 5, 226, 41, 191, 10, 175, 36, 134, 177, 77, 192, 141, 56, 231, 143, 89, 164, 82, 145, 110, 192, 87, 230, 104, 0, 243, 123, 189, 103, 31, 82, 255, 169, 65, 190, 57, 239, 100, 215, 59, 253, 147, 24, 162, 226, 13, 148, 119, 186, 83, 213, 46, 98, 170, 41, 178, 101, 157, 30, 184, 65, 169, 109, 13, 200, 63, 125, 213, 93, 238, 42, 224, 91, 150, 12, 237, 167, 21, 253, 65, 131, 241, 142, 18, 199, 98, 166, 226, 14, 179, 113, 5, 235, 121, 50, 81, 249, 153, 71, 182, 96, 173, 14, 239, 54, 
5, 197, 62, 180, 74, 171, 98, 7, 144, 110, 246, 69, 218, 54, 108, 186, 86, 166, 127, 12, 123, 183, 87, 169, 94, 161, 71, 216, 115, 250, 98, 52, 236, 111, 15, 188, 113, 19, 222, 47, 236, 23, 206, 43, 166, 26, 212, 150, 54, 205, 18, 239, 125, 196, 96, 3, 151, 93, 207, 41, 161, 27, 182, 130, 74, 235, 105, 43, 207, 58, 255, 26, 161, 9, 194, 152, 19, 250, 138, 8, 239, 124, 78, 248, 47, 151, 242, 43, 172, 27, 158, 11, 136, 184, 19, 176, 57, 188, 41, 121, 146, 49, 198, 2, 79, 182, 118, 66, 255, 43, 119, 150, 57, 216, 96, 157, 24, 202, 163, 111, 37, 218, 9, 252, 51, 206, 109, 149, 
93, 126, 159, 21, 212, 54, 153, 204, 52, 173, 19, 163, 87, 179, 136, 5, 226, 65, 252, 101, 205, 29, 145, 44, 248, 19, 201, 136, 27, 85, 203, 162, 25, 153, 249, 48, 171, 129, 66, 184, 93, 173, 84, 242, 72, 187, 59, 127, 168, 91, 178, 67, 160, 46, 218, 117, 232, 29, 118, 171, 75, 230, 121, 8, 176, 52, 190, 142, 79, 175, 94, 204, 76, 244, 128, 63, 201, 119, 48, 193, 61, 207, 149, 1, 182, 74, 129, 188, 82, 254, 73, 217, 52, 111, 202, 118, 246, 102, 215, 63, 228, 99, 160, 113, 207, 32, 223, 156, 8, 177, 62, 241, 130, 33, 173, 66, 225, 131, 2, 211, 89, 141, 192, 86, 158, 132, 66, 188, 
250, 30, 232, 103, 137, 255, 34, 129, 238, 77, 223, 43, 210, 23, 240, 121, 47, 193, 23, 159, 77, 234, 107, 208, 81, 180, 104, 56, 224, 142, 8, 112, 221, 60, 95, 198, 73, 213, 152, 11, 201, 50, 149, 6, 141, 111, 225, 16, 251, 38, 115, 233, 11, 176, 61, 165, 72, 144, 245, 12, 203, 139, 56, 240, 111, 202, 18, 114, 232, 3, 156, 49, 166, 116, 33, 234, 133, 68, 223, 127, 171, 21, 110, 226, 55, 211, 22, 106, 205, 54, 124, 165, 97, 243, 81, 34, 143, 3, 162, 126, 14, 203, 39, 245, 84, 173, 52, 127, 205, 77, 190, 22, 207, 81, 248, 134, 38, 93, 187, 64, 240, 26, 126, 40, 230, 22, 219, 37, 
146, 131, 80, 201, 2, 90, 184, 106, 13, 181, 94, 151, 105, 160, 55, 199, 146, 80, 173, 58, 196, 49, 174, 13, 155, 39, 237, 125, 167, 48, 241, 148, 37, 183, 133, 3, 239, 32, 116, 248, 135, 109, 233, 101, 207, 36, 155, 121, 69, 210, 147, 53, 193, 114, 247, 17, 213, 39, 103, 185, 90, 24, 210, 132, 33, 93, 250, 152, 69, 183, 87, 211, 16, 221, 102, 148, 4, 181, 105, 28, 84, 243, 142, 80, 164, 88, 234, 147, 3, 156, 225, 24, 191, 7, 154, 234, 87, 208, 75, 250, 152, 73, 179, 134, 11, 141, 239, 97, 35, 233, 132, 90, 164, 121, 12, 198, 109, 245, 49, 174, 137, 101, 198, 140, 96, 125, 162, 106, 
10, 190, 40, 150, 119, 207, 64, 228, 147, 53, 202, 1, 253, 74, 229, 101, 16, 222, 126, 241, 1, 150, 74, 244, 89, 213, 139, 3, 90, 195, 103, 62, 211, 79, 230, 110, 145, 101, 180, 80, 37, 211, 26, 190, 61, 246, 78, 202, 136, 4, 98, 220, 87, 36, 136, 180, 79, 198, 149, 62, 251, 113, 166, 65, 224, 164, 84, 38, 218, 29, 247, 55, 180, 70, 173, 58, 228, 42, 253, 122, 204, 97, 36, 195, 16, 190, 38, 119, 240, 92, 45, 143, 65, 221, 125, 67, 172, 46, 183, 27, 116, 233, 31, 103, 221, 91, 24, 184, 113, 154, 1, 201, 48, 228, 151, 54, 169, 20, 200, 122, 13, 232, 45, 214, 2, 243, 49, 205, 
239, 91, 222, 59, 246, 25, 170, 39, 113, 243, 88, 164, 46, 177, 30, 137, 183, 92, 32, 110, 181, 95, 200, 54, 190, 28, 77, 172, 252, 22, 129, 178, 14, 163, 30, 174, 44, 206, 17, 224, 120, 156, 89, 132, 176, 13, 162, 30, 238, 118, 187, 28, 155, 227, 94, 50, 235, 110, 1, 175, 43, 196, 13, 120, 142, 4, 194, 134, 109, 160, 98, 141, 111, 238, 25, 198, 95, 167, 75, 189, 10, 152, 217, 60, 251, 135, 100, 177, 62, 194, 116, 249, 104, 168, 31, 213, 16, 226, 137, 90, 186, 64, 147, 196, 56, 129, 211, 72, 249, 58, 223, 105, 144, 29, 115, 237, 74, 220, 139, 60, 183, 77, 160, 67, 169, 71, 178, 83, 
43, 164, 19, 174, 96, 161, 86, 219, 135, 22, 190, 63, 209, 83, 121, 217, 60, 250, 123, 211, 67, 233, 24, 160, 102, 135, 231, 108, 54, 157, 222, 69, 246, 99, 216, 70, 251, 86, 169, 64, 197, 1, 255, 39, 108, 222, 89, 179, 75, 166, 61, 253, 108, 7, 200, 141, 26, 133, 220, 78, 228, 96, 172, 236, 60, 217, 53, 241, 14, 206, 39, 193, 6, 153, 125, 65, 216, 15, 159, 53, 237, 130, 72, 173, 112, 44, 230, 11, 215, 31, 172, 14, 209, 51, 148, 100, 161, 121, 58, 242, 5, 216, 111, 20, 247, 157, 46, 167, 16, 122, 169, 63, 253, 85, 209, 7, 163, 113, 32, 254, 117, 212, 24, 247, 115, 223, 18, 155, 
185, 73, 202, 66, 235, 50, 194, 5, 177, 81, 128, 234, 14, 134, 185, 7, 165, 42, 158, 11, 168, 46, 142, 254, 8, 205, 34, 132, 209, 94, 41, 197, 114, 53, 127, 193, 8, 142, 55, 237, 94, 163, 77, 214, 144, 51, 195, 56, 228, 18, 197, 79, 172, 133, 59, 243, 101, 193, 57, 164, 123, 29, 137, 40, 161, 100, 185, 126, 90, 136, 234, 79, 213, 72, 249, 145, 45, 186, 89, 177, 107, 33, 231, 5, 145, 199, 68, 166, 83, 159, 76, 196, 89, 129, 231, 69, 253, 25, 202, 114, 174, 53, 161, 188, 108, 4, 227, 89, 217, 148, 36, 192, 18, 158, 99, 185, 56, 194, 92, 159, 4, 104, 191, 94, 33, 134, 196, 99, 
6, 227, 120, 145, 12, 141, 68, 251, 98, 205, 34, 149, 108, 221, 70, 244, 102, 206, 89, 229, 79, 216, 119, 61, 124, 163, 81, 188, 13, 240, 144, 0, 159, 231, 20, 154, 105, 186, 124, 21, 189, 49, 174, 20, 125, 244, 7, 141, 110, 148, 48, 215, 24, 223, 119, 15, 167, 41, 254, 19, 214, 87, 244, 82, 204, 19, 147, 44, 189, 28, 108, 170, 51, 179, 21, 115, 227, 77, 243, 23, 212, 157, 84, 184, 95, 26, 221, 109, 255, 48, 228, 139, 39, 187, 0, 198, 48, 130, 158, 44, 95, 229, 85, 41, 205, 145, 75, 181, 55, 101, 212, 78, 124, 199, 34, 129, 243, 17, 216, 75, 236, 154, 41, 164, 207, 88, 51, 253, 
172, 109, 32, 210, 102, 225, 111, 154, 47, 117, 247, 75, 192, 26, 159, 45, 151, 20, 189, 35, 127, 178, 18, 140, 225, 41, 246, 92, 152, 123, 67, 190, 45, 131, 207, 76, 242, 33, 223, 148, 81, 241, 99, 204, 72, 152, 104, 216, 35, 241, 129, 97, 182, 65, 154, 206, 80, 186, 71, 150, 109, 198, 7, 156, 111, 248, 76, 221, 68, 253, 149, 11, 229, 137, 93, 196, 0, 154, 49, 143, 124, 56, 203, 37, 244, 117, 150, 19, 133, 181, 6, 108, 245, 73, 119, 163, 92, 219, 10, 236, 135, 23, 141, 254, 97, 37, 238, 25, 128, 244, 10, 142, 236, 67, 221, 73, 147, 106, 170, 36, 136, 82, 227, 124, 10, 234, 150, 78, 
45, 152, 242, 58, 171, 37, 197, 25, 211, 144, 8, 166, 50, 239, 93, 212, 86, 236, 74, 147, 249, 56, 112, 191, 71, 176, 116, 25, 203, 50, 220, 82, 255, 86, 169, 39, 136, 196, 90, 42, 213, 11, 158, 40, 228, 27, 191, 64, 164, 83, 188, 2, 138, 248, 33, 125, 229, 5, 130, 234, 36, 143, 70, 226, 32, 129, 164, 1, 200, 123, 74, 184, 104, 32, 222, 83, 131, 205, 102, 219, 9, 248, 113, 169, 59, 192, 74, 210, 94, 55, 220, 134, 26, 140, 235, 29, 192, 66, 177, 79, 199, 107, 191, 13, 133, 175, 87, 196, 155, 50, 187, 111, 40, 171, 0, 179, 39, 229, 85, 127, 196, 20, 146, 54, 181, 118, 27, 217, 
195, 93, 15, 189, 79, 158, 73, 240, 131, 59, 186, 82, 200, 65, 172, 2, 181, 38, 167, 114, 6, 161, 237, 31, 218, 3, 155, 229, 73, 181, 21, 167, 119, 10, 123, 227, 96, 5, 176, 115, 138, 195, 61, 184, 119, 160, 93, 250, 12, 211, 45, 234, 54, 114, 177, 69, 145, 107, 211, 76, 189, 96, 174, 85, 192, 66, 230, 107, 144, 22, 216, 41, 246, 118, 168, 54, 255, 27, 183, 66, 175, 99, 20, 139, 236, 1, 175, 37, 241, 157, 72, 201, 96, 214, 61, 150, 109, 248, 36, 153, 49, 240, 68, 120, 209, 65, 219, 6, 106, 171, 72, 228, 152, 83, 248, 79, 206, 137, 8, 250, 62, 213, 92, 245, 70, 203, 104, 134, 
81, 232, 139, 111, 254, 3, 175, 116, 17, 230, 110, 219, 21, 142, 117, 255, 59, 125, 223, 62, 214, 122, 66, 144, 109, 195, 84, 36, 143, 105, 235, 58, 202, 104, 183, 27, 150, 247, 62, 232, 23, 107, 253, 91, 3, 235, 43, 116, 170, 73, 122, 165, 102, 218, 12, 238, 43, 180, 31, 160, 16, 249, 42, 219, 11, 153, 35, 195, 60, 178, 92, 162, 62, 192, 13, 123, 160, 90, 127, 234, 38, 135, 224, 71, 122, 208, 103, 144, 121, 16, 183, 41, 173, 8, 123, 208, 15, 142, 104, 222, 126, 1, 140, 226, 26, 163, 48, 143, 252, 31, 198, 14, 103, 193, 30, 156, 119, 59, 191, 108, 176, 43, 163, 15, 174, 38, 249, 1, 
126, 33, 208, 48, 133, 200, 62, 188, 94, 160, 35, 146, 102, 226, 48, 99, 204, 144, 15, 186, 136, 26, 174, 230, 52, 96, 250, 120, 206, 7, 154, 126, 31, 239, 52, 215, 70, 125, 200, 47, 133, 172, 32, 147, 199, 81, 143, 208, 34, 231, 150, 20, 185, 75, 158, 84, 202, 92, 242, 64, 201, 58, 124, 142, 103, 240, 127, 94, 244, 47, 231, 7, 203, 77, 142, 229, 40, 216, 17, 150, 93, 189, 53, 177, 29, 155, 49, 200, 65, 230, 101, 250, 77, 153, 238, 50, 171, 57, 180, 21, 185, 100, 169, 59, 178, 82, 234, 76, 123, 210, 94, 133, 239, 57, 124, 218, 18, 232, 141, 28, 133, 238, 76, 219, 137, 89, 142, 186, 
223, 154, 65, 180, 23, 103, 237, 44, 213, 85, 250, 54, 176, 12, 191, 155, 28, 89, 246, 97, 51, 242, 111, 11, 135, 210, 17, 173, 48, 243, 66, 217, 147, 75, 165, 92, 192, 18, 155, 98, 210, 69, 225, 129, 65, 218, 17, 100, 181, 130, 60, 254, 50, 207, 29, 171, 123, 9, 127, 168, 86, 153, 208, 25, 188, 50, 210, 15, 138, 172, 82, 156, 98, 240, 50, 106, 172, 82, 193, 63, 250, 5, 214, 81, 229, 77, 252, 10, 126, 163, 29, 117, 205, 24, 99, 194, 87, 212, 71, 245, 53, 215, 34, 243, 113, 204, 19, 189, 44, 150, 55, 182, 24, 144, 199, 69, 182, 47, 89, 201, 98, 3, 194, 114, 25, 236, 43, 75, 
20, 107, 245, 85, 226, 148, 30, 168, 122, 0, 127, 194, 75, 237, 124, 71, 232, 165, 44, 152, 208, 71, 169, 87, 185, 44, 164, 78, 192, 97, 179, 17, 115, 212, 2, 251, 43, 170, 84, 243, 7, 180, 103, 21, 188, 51, 157, 246, 83, 8, 199, 95, 146, 110, 226, 62, 251, 105, 215, 36, 232, 2, 109, 237, 83, 167, 88, 183, 112, 27, 209, 38, 174, 25, 152, 210, 2, 245, 35, 128, 161, 105, 144, 124, 15, 180, 86, 149, 212, 53, 223, 146, 60, 180, 133, 34, 251, 4, 157, 127, 90, 138, 193, 94, 9, 131, 159, 97, 225, 2, 245, 84, 217, 115, 5, 253, 105, 166, 240, 65, 222, 147, 60, 182, 97, 158, 120, 199, 
136, 191, 6, 173, 52, 129, 218, 69, 243, 105, 224, 27, 119, 149, 37, 198, 9, 129, 220, 115, 0, 193, 39, 214, 113, 241, 62, 223, 114, 28, 139, 233, 57, 171, 124, 64, 142, 221, 51, 113, 164, 41, 249, 150, 85, 236, 119, 30, 137, 224, 113, 36, 188, 0, 137, 179, 22, 159, 56, 183, 98, 135, 180, 40, 151, 8, 250, 42, 227, 133, 101, 252, 73, 222, 118, 55, 131, 146, 109, 197, 24, 187, 46, 242, 159, 59, 221, 35, 90, 179, 105, 2, 242, 83, 225, 111, 145, 81, 189, 32, 233, 16, 80, 156, 222, 66, 248, 51, 114, 168, 68, 162, 36, 176, 95, 149, 37, 130, 11, 155, 34, 119, 255, 50, 213, 9, 228, 83, 
251, 61, 160, 91, 205, 11, 99, 162, 19, 170, 52, 157, 215, 63, 248, 112, 169, 79, 30, 182, 83, 137, 252, 80, 22, 148, 125, 4, 158, 253, 76, 129, 194, 35, 156, 229, 100, 13, 135, 190, 66, 202, 122, 55, 197, 1, 175, 105, 186, 63, 151, 219, 79, 244, 44, 99, 205, 81, 225, 116, 27, 255, 71, 219, 77, 199, 67, 157, 76, 192, 4, 120, 187, 14, 200, 94, 233, 60, 212, 78, 235, 86, 202, 100, 32, 196, 135, 114, 246, 20, 136, 198, 47, 170, 13, 191, 40, 230, 102, 207, 115, 167, 252, 47, 122, 198, 22, 138, 187, 32, 203, 101, 233, 66, 212, 58, 227, 172, 86, 197, 106, 175, 17, 162, 74, 169, 112, 31, 
98, 211, 44, 233, 72, 133, 195, 56, 187, 77, 206, 132, 5, 179, 96, 22, 204, 131, 239, 104, 228, 34, 118, 160, 203, 57, 167, 207, 86, 40, 199, 11, 102, 245, 90, 25, 204, 118, 236, 28, 222, 141, 14, 169, 95, 227, 68, 213, 45, 239, 15, 131, 198, 60, 128, 236, 51, 171, 6, 195, 146, 54, 162, 18, 176, 117, 213, 21, 169, 54, 235, 143, 66, 163, 46, 171, 28, 165, 13, 153, 41, 167, 11, 141, 226, 92, 4, 184, 66, 122, 232, 80, 158, 68, 210, 94, 161, 129, 11, 151, 42, 77, 132, 206, 29, 150, 103, 237, 61, 220, 128, 12, 139, 180, 19, 164, 117, 27, 247, 53, 231, 68, 217, 116, 244, 40, 187, 141, 
13, 124, 183, 22, 169, 242, 34, 221, 107, 252, 32, 93, 234, 46, 138, 218, 88, 41, 163, 16, 157, 93, 187, 8, 103, 233, 37, 98, 228, 141, 70, 220, 160, 54, 188, 146, 59, 174, 78, 161, 111, 46, 132, 240, 34, 116, 167, 22, 156, 90, 178, 102, 26, 140, 191, 16, 154, 107, 246, 45, 120, 206, 85, 242, 132, 33, 104, 245, 87, 207, 110, 44, 225, 81, 247, 103, 219, 83, 243, 67, 217, 72, 254, 112, 43, 151, 238, 49, 215, 154, 42, 188, 22, 255, 116, 29, 240, 74, 218, 88, 172, 223, 3, 107, 179, 54, 192, 7, 121, 148, 75, 251, 113, 45, 243, 70, 220, 100, 145, 127, 7, 188, 131, 26, 94, 204, 59, 235, 
87, 202, 67, 150, 116, 59, 124, 142, 9, 148, 116, 201, 68, 123, 184, 57, 146, 253, 72, 212, 65, 221, 55, 247, 145, 74, 183, 133, 20, 188, 122, 31, 132, 224, 6, 109, 241, 34, 216, 3, 252, 85, 209, 69, 153, 217, 56, 253, 72, 209, 58, 249, 115, 230, 68, 121, 221, 64, 142, 94, 228, 11, 190, 47, 96, 194, 139, 40, 178, 11, 149, 201, 20, 190, 136, 7, 114, 182, 36, 174, 118, 185, 30, 161, 209, 62, 128, 174, 95, 9, 206, 98, 168, 76, 143, 203, 62, 177, 50, 197, 27, 85, 159, 236, 73, 214, 88, 160, 230, 23, 185, 53, 198, 91, 134, 187, 0, 201, 47, 210, 93, 150, 62, 194, 140, 4, 128, 156, 
226, 28, 120, 253, 2, 165, 227, 82, 207, 64, 180, 20, 152, 244, 13, 228, 110, 4, 194, 120, 143, 21, 198, 125, 32, 215, 12, 240, 118, 58, 248, 169, 84, 46, 137, 196, 87, 154, 73, 181, 96, 164, 19, 193, 98, 10, 144, 108, 183, 4, 162, 40, 167, 9, 148, 198, 35, 175, 19, 185, 62, 165, 89, 150, 233, 0, 222, 122, 73, 238, 96, 56, 159, 117, 61, 205, 154, 70, 207, 134, 1, 107, 223, 89, 17, 189, 104, 26, 250, 130, 70, 239, 52, 219, 6, 124, 153, 20, 249, 111, 135, 244, 118, 36, 145, 14, 255, 39, 83, 208, 116, 158, 9, 224, 34, 110, 160, 85, 166, 22, 252, 42, 221, 82, 240, 108, 216, 37, 
102, 138, 196, 49, 212, 104, 24, 177, 46, 238, 87, 220, 101, 41, 172, 52, 189, 154, 94, 39, 236, 106, 151, 60, 177, 82, 171, 69, 198, 138, 1, 95, 206, 117, 254, 19, 171, 50, 199, 114, 33, 231, 124, 60, 245, 118, 204, 31, 134, 233, 75, 220, 92, 187, 52, 98, 252, 76, 212, 109, 241, 39, 217, 29, 111, 163, 61, 185, 135, 34, 212, 130, 254, 31, 232, 125, 48, 249, 22, 97, 237, 163, 50, 145, 245, 75, 230, 157, 57, 194, 147, 16, 165, 82, 192, 57, 232, 104, 144, 65, 183, 17, 175, 97, 195, 128, 64, 136, 173, 94, 31, 213, 129, 63, 140, 238, 60, 215, 72, 190, 114, 176, 14, 161, 46, 168, 68, 180, 
8, 236, 76, 173, 84, 144, 246, 66, 158, 16, 166, 54, 197, 143, 77, 210, 90, 31, 225, 161, 59, 180, 2, 230, 114, 244, 44, 157, 27, 218, 112, 234, 24, 162, 63, 211, 81, 226, 12, 247, 132, 57, 149, 187, 38, 173, 65, 224, 80, 124, 152, 19, 202, 78, 238, 136, 3, 128, 152, 25, 134, 181, 71, 142, 211, 79, 253, 22, 202, 107, 167, 2, 90, 183, 138, 16, 179, 88, 148, 200, 40, 85, 214, 119, 39, 176, 6, 120, 205, 33, 112, 181, 45, 235, 113, 160, 39, 201, 0, 224, 47, 216, 70, 229, 56, 211, 110, 189, 2, 241, 147, 73, 248, 106, 191, 15, 174, 31, 243, 136, 55, 99, 237, 76, 213, 23, 250, 135, 
186, 45, 159, 16, 192, 36, 111, 195, 78, 203, 107, 255, 2, 122, 234, 23, 133, 201, 112, 14, 251, 86, 208, 139, 25, 91, 200, 97, 167, 81, 178, 56, 192, 77, 184, 43, 146, 101, 177, 66, 159, 219, 6, 104, 227, 88, 160, 13, 194, 38, 247, 120, 47, 172, 30, 204, 110, 225, 49, 235, 101, 5, 249, 125, 18, 167, 47, 155, 57, 243, 63, 127, 223, 43, 100, 217, 74, 227, 53, 111, 191, 152, 10, 187, 91, 140, 216, 68, 132, 227, 64, 247, 125, 88, 23, 210, 131, 91, 186, 79, 164, 101, 149, 8, 170, 26, 234, 49, 203, 126, 41, 195, 21, 169, 49, 227, 96, 151, 120, 6, 207, 153, 49, 184, 103, 148, 52, 92, 
62, 214, 126, 241, 60, 219, 135, 7, 232, 128, 43, 132, 175, 60, 164, 104, 248, 62, 142, 192, 70, 170, 47, 101, 190, 130, 7, 226, 42, 239, 15, 144, 107, 231, 9, 129, 238, 29, 116, 205, 21, 91, 197, 131, 23, 201, 49, 243, 101, 176, 70, 144, 217, 85, 157, 66, 164, 81, 192, 71, 200, 116, 147, 51, 226, 93, 206, 87, 178, 15, 148, 198, 72, 154, 195, 36, 168, 5, 142, 240, 20, 100, 252, 62, 228, 27, 101, 183, 18, 154, 117, 1, 171, 217, 138, 74, 253, 34, 123, 242, 22, 207, 60, 250, 80, 155, 87, 165, 105, 61, 228, 99, 157, 80, 209, 135, 56, 203, 66, 229, 125, 28, 225, 119, 1, 202, 115, 230, 
165, 109, 31, 97, 163, 72, 180, 99, 152, 25, 216, 83, 226, 117, 36, 185, 8, 172, 38, 103, 211, 26, 127, 219, 62, 255, 150, 78, 181, 71, 124, 199, 31, 148, 104, 195, 70, 213, 143, 48, 241, 126, 53, 255, 143, 74, 170, 86, 150, 25, 210, 6, 127, 250, 15, 214, 35, 177, 12, 158, 43, 222, 85, 189, 64, 174, 7, 234, 68, 217, 111, 29, 241, 9, 123, 251, 105, 210, 122, 75, 203, 130, 36, 173, 115, 138, 236, 47, 253, 58, 203, 140, 78, 37, 196, 9, 167, 108, 176, 64, 154, 44, 181, 112, 198, 40, 186, 18, 245, 144, 11, 177, 38, 184, 4, 108, 247, 19, 188, 139, 79, 181, 70, 161, 246, 82, 178, 17, 
74, 254, 122, 208, 11, 228, 33, 249, 51, 190, 57, 168, 19, 150, 236, 74, 215, 82, 231, 151, 56, 241, 155, 11, 168, 50, 120, 207, 29, 153, 250, 67, 214, 84, 245, 52, 167, 0, 93, 189, 77, 158, 184, 32, 111, 232, 2, 213, 59, 234, 87, 188, 57, 106, 174, 75, 230, 118, 254, 84, 173, 28, 162, 14, 246, 105, 144, 119, 170, 38, 193, 143, 95, 181, 76, 144, 55, 160, 28, 183, 51, 156, 218, 82, 14, 196, 84, 161, 77, 169, 32, 223, 128, 243, 99, 151, 84, 233, 13, 212, 93, 236, 137, 31, 133, 239, 72, 209, 129, 78, 222, 90, 254, 85, 221, 127, 44, 171, 113, 35, 254, 13, 214, 38, 137, 30, 125, 205, 
157, 5, 171, 55, 184, 133, 92, 160, 123, 77, 243, 95, 213, 69, 124, 144, 33, 196, 122, 5, 184, 117, 74, 233, 87, 203, 17, 136, 223, 114, 4, 176, 40, 160, 16, 186, 121, 252, 155, 34, 224, 9, 98, 205, 152, 61, 165, 44, 191, 123, 167, 37, 206, 149, 27, 196, 135, 46, 102, 210, 59, 232, 75, 203, 120, 39, 196, 26, 99, 250, 89, 58, 230, 50, 213, 23, 233, 93, 220, 64, 248, 3, 103, 180, 131, 43, 211, 4, 220, 105, 189, 85, 14, 165, 42, 226, 30, 137, 188, 50, 168, 3, 89, 226, 98, 6, 174, 111, 30, 200, 43, 150, 24, 163, 54, 197, 148, 71, 235, 91, 159, 109, 144, 89, 199, 106, 240, 40, 
93, 219, 81, 233, 112, 41, 193, 17, 210, 142, 5, 162, 40, 195, 13, 246, 99, 156, 68, 249, 134, 22, 197, 37, 158, 66, 237, 92, 45, 193, 99, 134, 235, 74, 218, 108, 38, 83, 126, 208, 62, 138, 237, 82, 17, 222, 121, 245, 108, 16, 78, 239, 131, 70, 243, 113, 7, 147, 190, 21, 154, 113, 179, 44, 151, 220, 82, 237, 137, 3, 132, 184, 19, 161, 84, 175, 124, 12, 127, 170, 86, 143, 229, 53, 244, 149, 72, 166, 126, 25, 121, 234, 146, 61, 194, 122, 208, 66, 120, 251, 73, 217, 158, 52, 203, 143, 58, 252, 155, 69, 188, 104, 216, 93, 242, 17, 101, 192, 2, 206, 50, 220, 59, 232, 9, 172, 64, 189, 
149, 46, 166, 25, 145, 242, 84, 224, 106, 44, 203, 80, 238, 110, 179, 53, 170, 18, 201, 45, 92, 225, 139, 97, 189, 128, 33, 141, 171, 60, 227, 26, 111, 166, 56, 196, 138, 228, 14, 170, 103, 195, 46, 135, 182, 105, 27, 83, 177, 128, 185, 100, 0, 213, 55, 169, 95, 236, 52, 125, 245, 2, 91, 239, 98, 9, 163, 53, 210, 112, 224, 45, 208, 107, 243, 42, 204, 111, 236, 38, 209, 24, 123, 198, 28, 97, 225, 50, 241, 81, 202, 46, 104, 248, 90, 5, 106, 182, 18, 148, 130, 28, 119, 184, 23, 107, 215, 16, 122, 231, 0, 161, 48, 179, 68, 131, 230, 41, 153, 118, 177, 25, 183, 117, 155, 78, 225, 19, 
107, 248, 87, 216, 101, 0, 178, 67, 148, 251, 59, 176, 133, 30, 137, 222, 76, 232, 108, 143, 187, 79, 42, 252, 0, 217, 107, 246, 10, 209, 89, 140, 202, 6, 243, 95, 24, 163, 117, 48, 234, 25, 120, 250, 65, 214, 126, 207, 51, 253, 33, 221, 116, 140, 189, 39, 201, 79, 137, 197, 66, 139, 206, 25, 133, 194, 73, 187, 28, 177, 69, 164, 64, 147, 1, 166, 59, 156, 71, 165, 92, 184, 70, 146, 112, 182, 17, 174, 114, 185, 8, 155, 213, 27, 170, 126, 240, 59, 224, 43, 205, 102, 246, 67, 230, 151, 76, 172, 83, 137, 211, 65, 237, 10, 146, 208, 62, 122, 249, 58, 88, 238, 98, 43, 251, 126, 49, 209, 
177, 13, 193, 38, 130, 205, 48, 167, 24, 116, 188, 12, 98, 199, 87, 1, 188, 131, 37, 213, 10, 141, 200, 120, 175, 58, 164, 75, 186, 132, 48, 254, 81, 176, 49, 146, 215, 78, 249, 151, 74, 186, 156, 5, 163, 42, 170, 8, 154, 89, 162, 63, 178, 22, 91, 249, 114, 29, 225, 16, 118, 183, 57, 123, 223, 35, 247, 106, 148, 91, 255, 14, 232, 96, 219, 79, 252, 30, 213, 7, 246, 45, 222, 10, 255, 55, 214, 137, 34, 94, 251, 71, 132, 190, 53, 199, 33, 174, 86, 162, 75, 169, 12, 178, 111, 33, 201, 52, 241, 40, 110, 173, 86, 194, 116, 28, 136, 186, 20, 203, 143, 7, 210, 149, 23, 201, 141, 67, 
86, 164, 75, 151, 245, 65, 123, 237, 91, 207, 68, 154, 219, 50, 254, 158, 101, 61, 245, 72, 119, 240, 84, 30, 102, 205, 21, 228, 36, 110, 182, 19, 159, 63, 191, 110, 35, 198, 4, 128, 219, 52, 100, 225, 86, 241, 95, 231, 67, 216, 13, 235, 85, 204, 132, 10, 141, 182, 86, 158, 215, 37, 252, 152, 64, 171, 117, 12, 200, 38, 119, 194, 77, 159, 46, 180, 104, 188, 82, 150, 102, 162, 79, 194, 89, 159, 124, 66, 232, 151, 54, 177, 20, 100, 229, 72, 147, 115, 214, 7, 241, 55, 220, 48, 133, 249, 91, 191, 13, 128, 196, 22, 154, 38, 246, 99, 226, 76, 166, 115, 45, 168, 125, 55, 175, 105, 3, 234, 
206, 29, 230, 117, 21, 138, 200, 10, 158, 39, 233, 125, 22, 174, 109, 32, 212, 140, 24, 135, 180, 19, 172, 126, 234, 63, 152, 98, 136, 238, 68, 212, 122, 229, 11, 239, 130, 68, 175, 96, 20, 192, 131, 36, 196, 19, 148, 40, 180, 111, 193, 50, 157, 36, 229, 105, 219, 67, 242, 49, 93, 173, 103, 6, 209, 84, 143, 235, 61, 215, 142, 51, 171, 24, 206, 136, 16, 118, 231, 41, 205, 21, 172, 116, 35, 235, 0, 206, 108, 15, 221, 121, 208, 141, 2, 129, 255, 21, 81, 190, 134, 112, 146, 97, 186, 5, 164, 58, 143, 223, 79, 253, 103, 204, 73, 172, 5, 211, 56, 228, 96, 247, 71, 224, 79, 243, 146, 53, 
95, 156, 69, 214, 102, 187, 58, 119, 223, 100, 142, 57, 240, 70, 145, 226, 56, 191, 95, 204, 49, 224, 55, 193, 8, 121, 221, 42, 177, 3, 165, 94, 30, 106, 168, 74, 152, 222, 41, 245, 148, 60, 209, 144, 62, 175, 77, 199, 123, 30, 141, 80, 251, 144, 69, 165, 45, 174, 3, 141, 233, 24, 135, 228, 48, 191, 20, 97, 175, 108, 5, 225, 84, 244, 121, 57, 238, 157, 67, 178, 75, 242, 58, 226, 140, 96, 179, 60, 157, 192, 98, 38, 80, 245, 91, 202, 60, 154, 227, 95, 38, 233, 19, 211, 43, 218, 78, 235, 105, 42, 181, 55, 163, 14, 150, 52, 190, 108, 156, 12, 147, 32, 197, 15, 190, 37, 112, 182, 
255, 42, 176, 5, 163, 36, 252, 146, 29, 181, 4, 192, 118, 203, 15, 115, 172, 7, 234, 81, 157, 110, 147, 88, 248, 169, 72, 196, 80, 203, 56, 244, 127, 216, 40, 201, 23, 107, 183, 71, 123, 231, 10, 114, 254, 89, 215, 1, 247, 102, 223, 130, 6, 98, 190, 26, 208, 134, 100, 199, 63, 120, 181, 79, 160, 69, 226, 149, 31, 241, 155, 58, 181, 134, 8, 193, 107, 34, 217, 4, 145, 107, 188, 13, 200, 49, 136, 247, 31, 83, 239, 126, 185, 25, 164, 45, 183, 103, 32, 138, 181, 77, 162, 62, 175, 115, 148, 20, 204, 167, 3, 219, 93, 231, 87, 239, 119, 35, 252, 83, 217, 130, 103, 160, 90, 132, 220, 12, 
73, 203, 89, 239, 78, 210, 128, 73, 202, 85, 245, 104, 35, 159, 90, 247, 75, 164, 125, 34, 253, 4, 216, 39, 129, 31, 148, 18, 251, 105, 150, 16, 187, 80, 160, 90, 253, 143, 14, 204, 34, 167, 102, 179, 27, 164, 48, 156, 56, 168, 24, 195, 116, 217, 60, 239, 119, 55, 255, 32, 128, 218, 15, 246, 33, 205, 127, 72, 184, 81, 129, 203, 29, 95, 229, 78, 172, 139, 95, 131, 197, 33, 153, 127, 68, 237, 18, 113, 198, 146, 6, 166, 51, 219, 110, 237, 10, 212, 119, 247, 1, 208, 91, 253, 101, 29, 243, 126, 60, 120, 145, 69, 184, 46, 170, 26, 206, 137, 94, 185, 47, 175, 58, 238, 26, 199, 55, 170, 
143, 24, 149, 53, 194, 110, 13, 229, 50, 171, 60, 150, 220, 63, 209, 28, 187, 53, 211, 101, 135, 182, 62, 160, 209, 93, 231, 112, 142, 32, 224, 119, 65, 234, 0, 178, 63, 124, 236, 98, 158, 83, 240, 53, 217, 118, 236, 75, 207, 86, 240, 65, 176, 21, 170, 139, 14, 180, 73, 156, 192, 52, 168, 90, 185, 110, 1, 253, 43, 218, 16, 109, 248, 165, 38, 208, 18, 254, 44, 223, 83, 249, 55, 219, 103, 168, 84, 217, 41, 118, 189, 72, 200, 140, 63, 134, 173, 69, 165, 59, 156, 47, 187, 11, 132, 189, 73, 158, 228, 32, 246, 128, 22, 213, 77, 159, 70, 180, 18, 126, 241, 1, 214, 113, 152, 98, 244, 115, 
233, 108, 212, 129, 28, 137, 178, 92, 161, 20, 225, 129, 9, 182, 119, 144, 105, 237, 21, 193, 44, 90, 230, 106, 14, 167, 52, 185, 69, 174, 57, 181, 139, 44, 206, 53, 220, 29, 150, 45, 227, 2, 137, 194, 94, 13, 134, 184, 17, 151, 47, 159, 88, 245, 104, 52, 231, 124, 214, 8, 103, 237, 75, 153, 59, 231, 139, 100, 169, 60, 191, 145, 66, 124, 149, 60, 182, 73, 165, 123, 22, 119, 170, 2, 195, 37, 130, 158, 78, 230, 24, 251, 100, 14, 226, 36, 107, 242, 22, 217, 83, 238, 71, 152, 224, 53, 213, 7, 113, 179, 62, 208, 104, 135, 244, 4, 226, 50, 221, 65, 152, 107, 142, 39, 191, 6, 141, 35, 
61, 189, 9, 250, 100, 219, 44, 247, 72, 201, 47, 88, 255, 96, 44, 228, 0, 153, 122, 72, 242, 162, 28, 143, 245, 78, 217, 5, 241, 102, 211, 10, 249, 100, 134, 170, 81, 195, 73, 210, 121, 189, 78, 32, 141, 199, 43, 111, 230, 96, 218, 9, 200, 41, 128, 196, 93, 36, 85, 198, 146, 28, 188, 11, 166, 41, 195, 25, 118, 239, 92, 40, 224, 0, 212, 111, 133, 227, 9, 187, 92, 207, 63, 232, 138, 89, 253, 9, 203, 94, 156, 46, 133, 176, 85, 193, 150, 52, 179, 109, 196, 30, 166, 118, 25, 121, 145, 95, 196, 80, 162, 10, 192, 38, 114, 195, 134, 100, 140, 198, 28, 187, 75, 209, 81, 227, 86, 201, 
159, 92, 171, 74, 185, 64, 166, 2, 153, 98, 180, 139, 32, 134, 189, 86, 175, 67, 197, 138, 10, 116, 204, 70, 124, 194, 46, 130, 153, 26, 127, 157, 84, 191, 19, 117, 243, 8, 165, 106, 24, 91, 246, 116, 221, 68, 252, 146, 66, 166, 59, 179, 73, 228, 160, 1, 222, 144, 248, 117, 48, 221, 112, 250, 82, 215, 69, 130, 202, 7, 152, 198, 80, 177, 49, 243, 26, 99, 202, 59, 245, 29, 154, 121, 21, 181, 59, 166, 115, 52, 222, 109, 211, 66, 233, 5, 93, 199, 125, 15, 142, 88, 229, 65, 171, 250, 45, 237, 30, 220, 49, 255, 140, 90, 177, 82, 33, 248, 11, 117, 230, 53, 253, 19, 173, 48, 166, 21, 
80, 241, 47, 142, 18, 235, 113, 211, 52, 232, 16, 216, 109, 238, 19, 208, 41, 250, 26, 215, 104, 224, 39, 188, 21, 149, 108, 203, 76, 235, 62, 222, 33, 125, 230, 48, 138, 187, 67, 250, 126, 173, 55, 165, 18, 181, 108, 3, 212, 32, 248, 118, 146, 30, 82, 189, 132, 70, 18, 177, 98, 159, 61, 133, 179, 17, 151, 233, 73, 172, 106, 26, 251, 97, 157, 85, 185, 139, 37, 129, 147, 102, 190, 67, 240, 106, 212, 31, 243, 139, 3, 186, 27, 163, 49, 145, 254, 33, 224, 79, 249, 123, 4, 205, 131, 14, 163, 67, 175, 102, 149, 122, 54, 233, 15, 217, 120, 161, 88, 176, 70, 165, 87, 155, 101, 246, 109, 222, 
181, 0, 125, 198, 106, 147, 32, 133, 186, 74, 167, 58, 161, 64, 168, 76, 150, 96, 163, 77, 184, 58, 154, 97, 227, 55, 255, 13, 171, 43, 179, 96, 197, 59, 142, 212, 85, 28, 214, 39, 192, 12, 203, 104, 231, 51, 133, 173, 87, 188, 101, 15, 214, 109, 253, 114, 39, 155, 204, 78, 242, 4, 207, 36, 105, 241, 93, 30, 186, 56, 213, 142, 53, 168, 14, 204, 64, 239, 110, 214, 14, 229, 43, 201, 140, 46, 132, 184, 62, 174, 122, 74, 246, 88, 217, 111, 56, 158, 97, 177, 36, 184, 139, 48, 99, 191, 84, 207, 133, 0, 230, 27, 202, 96, 170, 71, 193, 56, 235, 36, 218, 8, 202, 41, 183, 13, 146, 42, 
71, 150, 229, 62, 217, 77, 243, 95, 23, 249, 123, 206, 5, 220, 115, 231, 11, 211, 45, 240, 20, 130, 249, 1, 115, 177, 82, 159, 91, 213, 137, 3, 131, 252, 12, 95, 176, 133, 110, 154, 88, 237, 129, 42, 152, 93, 208, 25, 242, 46, 131, 184, 62, 174, 22, 207, 76, 234, 108, 34, 136, 193, 80, 224, 147, 53, 200, 115, 134, 247, 12, 113, 219, 72, 230, 45, 173, 4, 166, 69, 162, 79, 171, 6, 92, 223, 13, 101, 215, 23, 234, 134, 37, 197, 16, 170, 129, 207, 8, 116, 216, 61, 233, 112, 221, 56, 235, 24, 110, 185, 86, 165, 75, 156, 45, 251, 23, 145, 109, 199, 127, 97, 139, 232, 60, 216, 91, 204, 
254, 120, 35, 179, 14, 173, 54, 196, 156, 84, 37, 106, 182, 88, 34, 135, 184, 71, 172, 137, 93, 178, 62, 199, 145, 29, 207, 41, 239, 23, 109, 226, 72, 160, 115, 201, 40, 241, 4, 222, 50, 146, 80, 216, 6, 236, 64, 163, 81, 154, 220, 36, 238, 127, 91, 162, 131, 10, 140, 221, 95, 45, 161, 23, 119, 170, 3, 227, 36, 96, 158, 195, 34, 182, 109, 147, 77, 220, 88, 252, 48, 210, 108, 248, 160, 70, 195, 150, 82, 164, 69, 180, 107, 150, 80, 241, 29, 75, 235, 148, 71, 169, 17, 161, 31, 176, 96, 138, 245, 64, 218, 55, 241, 6, 206, 137, 98, 185, 2, 153, 47, 250, 30, 116, 169, 74, 162, 25, 
136, 58, 207, 97, 153, 112, 224, 7, 118, 222, 126, 239, 55, 151, 252, 99, 51, 236, 117, 6, 229, 37, 218, 123, 73, 234, 104, 189, 86, 145, 200, 38, 184, 25, 233, 70, 162, 75, 182, 101, 168, 23, 193, 57, 175, 110, 189, 37, 204, 11, 84, 120, 149, 5, 225, 51, 240, 88, 182, 21, 174, 120, 232, 91, 254, 67, 184, 87, 140, 207, 52, 86, 238, 135, 22, 236, 127, 35, 196, 19, 180, 123, 27, 130, 52, 237, 111, 41, 255, 55, 224, 10, 210, 42, 187, 102, 137, 191, 93, 21, 201, 51, 244, 77, 212, 117, 8, 195, 40, 157, 17, 178, 124, 183, 105, 52, 222, 63, 244, 85, 172, 133, 79, 197, 4, 236, 51, 189, 
10, 231, 129, 28, 240, 39, 143, 102, 184, 30, 163, 13, 196, 131, 17, 203, 154, 29, 190, 80, 157, 109, 143, 14, 173, 45, 161, 7, 170, 66, 122, 247, 100, 146, 54, 208, 17, 224, 139, 61, 254, 122, 72, 243, 140, 20, 126, 255, 104, 138, 233, 167, 48, 199, 66, 190, 28, 202, 54, 251, 59, 205, 9, 190, 38, 210, 127, 49, 235, 19, 188, 138, 5, 99, 175, 61, 187, 97, 132, 152, 65, 232, 87, 219, 148, 18, 178, 134, 4, 200, 112, 143, 87, 250, 126, 0, 222, 38, 159, 248, 132, 101, 140, 187, 42, 147, 254, 69, 169, 89, 210, 107, 36, 80, 234, 129, 18, 191, 114, 34, 206, 18, 227, 99, 148, 121, 209, 101, 
114, 155, 67, 191, 88, 205, 69, 253, 60, 208, 80, 226, 43, 103, 179, 64, 125, 221, 94, 254, 23, 209, 51, 246, 91, 219, 83, 251, 52, 193, 15, 155, 51, 195, 106, 135, 185, 113, 36, 198, 11, 156, 205, 30, 99, 224, 75, 158, 54, 195, 24, 76, 250, 96, 157, 109, 127, 154, 99, 143, 112, 151, 86, 142, 111, 155, 15, 192, 104, 161, 67, 216, 115, 255, 76, 210, 11, 246, 54, 205, 118, 0, 197, 39, 104, 211, 63, 231, 98, 153, 39, 190, 22, 157, 54, 199, 89, 168, 122, 78, 40, 223, 2, 114, 228, 74, 128, 208, 27, 238, 46, 140, 249, 154, 25, 198, 147, 72, 161, 237, 93, 126, 160, 39, 247, 27, 82, 177, 
249, 21, 215, 140, 4, 121, 178, 18, 152, 93, 168, 68, 147, 217, 82, 244, 3, 145, 38, 114, 169, 85, 182, 66, 197, 26, 141, 64, 210, 97, 236, 74, 215, 1, 244, 32, 83, 248, 89, 130, 228, 47, 94, 180, 130, 43, 200, 8, 227, 94, 135, 177, 114, 31, 218, 12, 246, 42, 211, 2, 226, 40, 245, 25, 217, 57, 243, 133, 62, 249, 122, 40, 178, 29, 159, 47, 144, 107, 164, 23, 242, 169, 94, 138, 185, 77, 163, 48, 193, 80, 236, 100, 215, 72, 227, 141, 44, 239, 10, 214, 136, 167, 92, 181, 28, 172, 15, 104, 189, 135, 77, 197, 11, 115, 216, 92, 44, 229, 12, 132, 54, 219, 61, 203, 90, 139, 221, 40, 
89, 186, 51, 103, 246, 159, 53, 234, 45, 214, 1, 248, 120, 22, 165, 48, 186, 77, 165, 215, 54, 227, 8, 128, 152, 102, 191, 124, 22, 175, 43, 125, 168, 93, 149, 119, 171, 7, 178, 56, 148, 114, 218, 1, 248, 149, 67, 172, 113, 42, 210, 0, 193, 140, 58, 185, 77, 164, 71, 167, 68, 188, 93, 180, 78, 168, 101, 37, 197, 9, 145, 224, 71, 124, 228, 92, 215, 31, 224, 125, 79, 133, 34, 235, 9, 250, 25, 216, 117, 12, 168, 34, 115, 179, 16, 104, 193, 70, 117, 175, 84, 20, 251, 53, 215, 63, 232, 155, 85, 4, 223, 130, 88, 174, 62, 181, 119, 165, 86, 201, 154, 7, 174, 117, 15, 193, 63, 170, 
157, 76, 227, 134, 33, 81, 198, 116, 174, 64, 185, 136, 57, 231, 107, 213, 60, 237, 118, 16, 132, 148, 107, 241, 38, 224, 4, 242, 148, 84, 223, 142, 28, 232, 49, 211, 63, 219, 102, 234, 22, 183, 64, 164, 80, 120, 220, 32, 245, 143, 89, 239, 63, 223, 103, 134, 227, 20, 238, 106, 215, 16, 159, 44, 237, 0, 225, 153, 82, 213, 94, 22, 199, 148, 2, 182, 57, 155, 85, 191, 49, 206, 158, 61, 175, 114, 146, 67, 171, 247, 91, 138, 240, 57, 130, 252, 26, 139, 231, 33, 128, 200, 111, 153, 89, 196, 125, 45, 242, 112, 168, 33, 228, 42, 244, 1, 211, 38, 255, 30, 115, 240, 73, 226, 136, 106, 242, 2, 
48, 167, 14, 195, 119, 219, 100, 10, 140, 240, 108, 37, 195, 127, 9, 123, 171, 27, 201, 100, 247, 33, 203, 59, 166, 87, 177, 105, 40, 199, 9, 108, 182, 77, 164, 19, 188, 117, 34, 132, 204, 91, 239, 39, 212, 17, 156, 131, 78, 202, 26, 132, 168, 17, 174, 38, 90, 195, 126, 33, 123, 173, 72, 198, 104, 145, 124, 24, 176, 42, 157, 234, 114, 50, 245, 129, 105, 238, 7, 130, 253, 15, 101, 221, 91, 46, 227, 128, 31, 132, 44, 205, 5, 155, 209, 66, 120, 181, 56, 155, 242, 75, 36, 234, 6, 144, 31, 178, 67, 206, 57, 157, 98, 190, 110, 151, 94, 130, 144, 104, 196, 41, 168, 24, 181, 37, 132, 201, 
223, 91, 239, 62, 176, 24, 161, 229, 87, 26, 156, 212, 73, 175, 90, 251, 72, 158, 81, 174, 68, 162, 79, 187, 19, 207, 48, 130, 228, 68, 152, 254, 60, 217, 88, 240, 72, 152, 251, 52, 157, 13, 112, 176, 58, 192, 87, 235, 12, 121, 184, 50, 107, 252, 80, 213, 150, 56, 179, 83, 254, 51, 229, 135, 30, 205, 65, 220, 88, 251, 108, 57, 190, 83, 161, 20, 189, 45, 200, 68, 149, 112, 186, 28, 150, 198, 2, 182, 83, 223, 151, 73, 183, 97, 36, 135, 222, 3, 213, 102, 12, 141, 189, 118, 204, 99, 250, 116, 193, 23, 125, 253, 14, 142, 29, 221, 47, 232, 17, 217, 79, 150, 100, 252, 84, 216, 66, 112, 
27, 182, 39, 146, 112, 255, 77, 40, 134, 221, 95, 15, 243, 31, 207, 44, 191, 11, 209, 40, 220, 0, 237, 110, 146, 72, 252, 158, 24, 180, 112, 35, 198, 12, 144, 41, 169, 3, 95, 192, 70, 230, 143, 74, 253, 115, 37, 161, 101, 215, 70, 234, 140, 35, 187, 5, 121, 243, 11, 206, 110, 152, 7, 117, 248, 84, 171, 53, 186, 6, 132, 170, 15, 216, 96, 209, 63, 172, 117, 231, 37, 214, 65, 246, 120, 56, 242, 109, 204, 17, 118, 232, 62, 244, 114, 197, 59, 165, 69, 194, 114, 225, 87, 48, 162, 55, 148, 10, 90, 222, 145, 65, 212, 79, 195, 68, 172, 76, 163, 59, 180, 3, 188, 48, 158, 12, 190, 143, 
250, 75, 125, 199, 8, 92, 205, 115, 194, 62, 170, 139, 105, 131, 154, 97, 129, 235, 111, 141, 102, 198, 128, 29, 230, 121, 12, 96, 213, 79, 235, 137, 99, 127, 187, 107, 227, 129, 214, 27, 166, 125, 31, 196, 5, 169, 225, 73, 191, 41, 162, 7, 181, 92, 136, 230, 46, 159, 101, 144, 25, 194, 97, 175, 49, 162, 12, 240, 137, 79, 207, 44, 242, 116, 35, 139, 250, 90, 26, 136, 179, 84, 164, 11, 181, 86, 144, 42, 157, 102, 178, 30, 161, 12, 173, 24, 229, 94, 253, 44, 178, 26, 129, 247, 18, 213, 81, 227, 159, 40, 103, 187, 49, 160, 116, 246, 8, 204, 123, 249, 45, 225, 87, 208, 92, 233, 107, 57, 
5, 153, 230, 58, 215, 150, 52, 180, 1, 249, 35, 188, 46, 204, 3, 225, 36, 147, 22, 255, 53, 150, 69, 176, 61, 196, 141, 189, 41, 164, 2, 174, 50, 247, 57, 205, 23, 81, 150, 106, 242, 61, 216, 98, 148, 83, 139, 20, 126, 249, 119, 219, 67, 208, 55, 105, 200, 74, 217, 64, 234, 54, 223, 19, 214, 92, 202, 109, 35, 229, 99, 178, 66, 156, 197, 78, 12, 142, 196, 97, 4, 239, 51, 208, 106, 230, 19, 213, 75, 254, 58, 202, 84, 192, 79, 158, 48, 148, 16, 161, 78, 206, 150, 83, 167, 65, 185, 34, 118, 171, 233, 3, 123, 238, 21, 101, 167, 91, 28, 111, 170, 69, 145, 26, 167, 35, 149, 204, 
178, 103, 22, 174, 109, 32, 243, 139, 85, 128, 210, 88, 233, 70, 173, 79, 183, 67, 169, 89, 179, 17, 245, 97, 215, 44, 85, 127, 248, 65, 221, 76, 209, 27, 156, 91, 136, 245, 39, 200, 9, 121, 159, 51, 207, 34, 238, 109, 202, 84, 32, 100, 173, 21, 247, 147, 15, 170, 31, 183, 133, 89, 139, 187, 70, 156, 26, 181, 119, 151, 20, 138, 204, 4, 128, 233, 112, 218, 59, 228, 113, 151, 81, 137, 31, 125, 166, 53, 185, 8, 147, 108, 220, 52, 249, 98, 187, 74, 209, 60, 243, 106, 0, 218, 41, 239, 138, 96, 244, 21, 82, 154, 199, 72, 148, 213, 38, 235, 127, 210, 16, 238, 103, 220, 71, 244, 123, 78, 
49, 237, 135, 68, 222, 163, 98, 19, 226, 41, 143, 12, 122, 163, 28, 244, 108, 219, 46, 226, 71, 193, 49, 166, 5, 157, 228, 18, 117, 154, 32, 194, 134, 111, 229, 7, 191, 62, 171, 86, 145, 223, 24, 246, 123, 185, 55, 164, 2, 175, 128, 232, 60, 156, 125, 43, 221, 94, 244, 122, 3, 250, 37, 114, 227, 56, 253, 68, 216, 60, 237, 50, 103, 255, 88, 42, 168, 28, 162, 40, 182, 23, 167, 252, 95, 218, 70, 240, 82, 124, 235, 25, 141, 125, 2, 201, 30, 237, 123, 176, 32, 143, 196, 70, 175, 109, 6, 205, 63, 130, 191, 100, 31, 220, 51, 131, 186, 67, 164, 62, 149, 51, 179, 6, 194, 138, 17, 218, 
165, 30, 183, 124, 11, 80, 192, 116, 155, 94, 201, 110, 253, 50, 191, 136, 15, 127, 200, 7, 143, 106, 212, 88, 239, 57, 135, 202, 70, 233, 124, 87, 16, 185, 67, 162, 101, 220, 18, 237, 42, 103, 180, 88, 10, 107, 221, 80, 244, 63, 206, 12, 118, 198, 76, 192, 111, 50, 154, 61, 209, 148, 80, 168, 9, 200, 106, 172, 1, 165, 81, 186, 133, 32, 141, 221, 74, 212, 118, 249, 64, 225, 122, 47, 190, 6, 176, 33, 143, 194, 65, 172, 42, 228, 151, 86, 166, 110, 9, 100, 230, 58, 124, 235, 29, 134, 182, 52, 150, 216, 46, 248, 142, 86, 182, 13, 107, 215, 0, 243, 95, 205, 82, 159, 110, 61, 198, 83, 
116, 212, 63, 252, 142, 232, 47, 213, 57, 237, 23, 161, 78, 211, 101, 65, 196, 84, 149, 113, 236, 25, 137, 38, 122, 190, 91, 35, 169, 9, 206, 146, 239, 53, 142, 255, 46, 115, 163, 78, 205, 131, 58, 197, 127, 172, 22, 153, 44, 188, 94, 137, 255, 30, 225, 1, 167, 235, 18, 178, 113, 27, 132, 236, 86, 142, 37, 126, 244, 90, 209, 14, 224, 111, 173, 17, 184, 133, 0, 87, 199, 138, 14, 212, 77, 156, 114, 207, 101, 21, 224, 90, 206, 105, 50, 241, 64, 216, 127, 203, 84, 186, 14, 155, 88, 223, 72, 255, 114, 15, 163, 125, 7, 227, 56, 253, 144, 58, 174, 72, 161, 20, 254, 46, 225, 133, 36, 248, 
0, 95, 193, 20, 88, 121, 177, 4, 164, 75, 182, 61, 171, 6, 151, 231, 48, 250, 31, 188, 56, 160, 249, 109, 217, 21, 131, 244, 112, 187, 79, 36, 106, 216, 92, 29, 137, 195, 55, 177, 0, 155, 229, 28, 253, 66, 212, 90, 228, 140, 26, 169, 52, 177, 113, 149, 66, 119, 205, 70, 229, 98, 203, 45, 123, 194, 78, 184, 29, 150, 47, 161, 59, 198, 68, 247, 49, 95, 194, 141, 30, 99, 174, 55, 126, 236, 45, 85, 251, 152, 51, 162, 13, 188, 143, 18, 173, 41, 160, 23, 168, 50, 250, 112, 192, 22, 166, 36, 195, 98, 235, 70, 202, 92, 171, 119, 33, 228, 120, 202, 43, 190, 107, 173, 11, 184, 99, 147, 
227, 154, 56, 160, 206, 28, 134, 247, 44, 218, 117, 241, 42, 222, 124, 21, 178, 74, 172, 82, 205, 93, 11, 173, 53, 153, 208, 77, 43, 141, 251, 121, 172, 2, 189, 118, 233, 13, 213, 96, 249, 82, 47, 145, 97, 183, 40, 167, 14, 110, 240, 78, 216, 91, 57, 246, 129, 38, 140, 186, 48, 165, 14, 153, 247, 21, 222, 121, 211, 75, 230, 98, 241, 8, 152, 104, 136, 228, 61, 243, 115, 216, 71, 245, 148, 18, 181, 135, 0, 108, 214, 75, 247, 60, 124, 219, 80, 254, 92, 226, 74, 208, 131, 45, 81, 213, 107, 231, 83, 141, 27, 181, 42, 161, 20, 194, 102, 153, 24, 89, 232, 140, 55, 131, 237, 69, 210, 59, 
122, 34, 241, 128, 76, 225, 66, 100, 194, 138, 14, 105, 190, 140, 56, 206, 116, 157, 1, 227, 37, 133, 221, 79, 232, 101, 3, 138, 225, 94, 15, 210, 49, 201, 64, 166, 75, 160, 124, 35, 128, 192, 114, 219, 6, 119, 238, 84, 209, 132, 42, 187, 8, 153, 211, 16, 163, 237, 89, 8, 254, 77, 218, 103, 65, 173, 95, 7, 110, 169, 18, 180, 71, 124, 193, 35, 177, 22, 159, 43, 167, 9, 189, 34, 101, 219, 62, 232, 118, 185, 30, 175, 115, 196, 35, 153, 120, 5, 190, 36, 119, 149, 3, 229, 162, 122, 10, 145, 50, 221, 158, 81, 209, 76, 240, 60, 219, 74, 246, 134, 9, 98, 222, 30, 112, 164, 22, 177, 
80, 188, 108, 8, 196, 52, 173, 141, 32, 83, 208, 159, 29, 89, 248, 96, 35, 240, 100, 146, 111, 180, 59, 164, 31, 186, 115, 199, 28, 178, 133, 62, 153, 98, 248, 38, 219, 25, 241, 108, 225, 20, 171, 64, 199, 147, 31, 161, 56, 181, 99, 138, 231, 106, 45, 189, 97, 29, 215, 136, 108, 175, 52, 199, 143, 39, 233, 127, 251, 65, 203, 44, 143, 215, 56, 238, 90, 219, 82, 209, 74, 226, 109, 133, 184, 76, 169, 26, 201, 66, 238, 139, 7, 100, 236, 71, 205, 134, 66, 139, 245, 61, 200, 103, 31, 246, 93, 188, 131, 2, 113, 252, 12, 146, 115, 177, 5, 165, 54, 189, 116, 199, 73, 151, 215, 52, 246, 135, 
234, 65, 215, 140, 97, 245, 16, 216, 114, 255, 96, 51, 232, 133, 10, 193, 139, 67, 201, 50, 235, 20, 210, 96, 254, 57, 170, 84, 241, 71, 215, 110, 236, 21, 113, 177, 86, 198, 72, 180, 68, 159, 90, 244, 53, 104, 224, 73, 250, 3, 222, 34, 83, 196, 144, 67, 208, 150, 54, 182, 22, 128, 242, 1, 117, 185, 59, 165, 31, 159, 93, 246, 109, 24, 166, 121, 5, 126, 187, 16, 123, 146, 40, 250, 4, 204, 52, 149, 95, 165, 49, 92, 225, 158, 22, 179, 44, 238, 105, 198, 20, 166, 79, 182, 137, 66, 202, 59, 239, 94, 194, 64, 124, 224, 35, 95, 200, 118, 209, 28, 176, 41, 251, 3, 91, 197, 102, 13, 
48, 162, 23, 181, 39, 132, 168, 77, 179, 2, 135, 199, 73, 185, 120, 61, 223, 125, 14, 183, 90, 156, 130, 8, 118, 194, 17, 155, 41, 165, 6, 186, 45, 134, 205, 9, 151, 48, 145, 4, 208, 41, 195, 12, 136, 175, 18, 186, 133, 92, 155, 117, 241, 19, 124, 251, 5, 115, 201, 73, 225, 43, 158, 92, 228, 23, 213, 81, 220, 55, 192, 2, 148, 235, 63, 207, 102, 254, 57, 153, 241, 68, 178, 90, 155, 107, 223, 82, 255, 10, 203, 131, 37, 127, 207, 90, 163, 15, 176, 54, 220, 47, 240, 13, 216, 124, 19, 175, 40, 211, 30, 135, 179, 55, 152, 250, 83, 45, 137, 241, 77, 156, 86, 183, 132, 32, 141, 185, 
209, 84, 253, 70, 221, 111, 47, 238, 60, 123, 229, 21, 161, 43, 238, 154, 27, 166, 253, 116, 34, 242, 52, 224, 148, 65, 211, 75, 220, 100, 252, 58, 158, 226, 67, 130, 244, 101, 232, 122, 81, 251, 76, 121, 230, 48, 214, 110, 27, 210, 49, 171, 69, 179, 57, 168, 86, 233, 36, 146, 105, 196, 62, 188, 69, 147, 114, 179, 13, 153, 87, 222, 78, 130, 185, 41, 164, 26, 174, 105, 33, 202, 13, 231, 45, 173, 17, 161, 43, 180, 68, 245, 168, 83, 51, 249, 69, 222, 141, 88, 128, 153, 97, 173, 53, 155, 226, 77, 121, 151, 104, 242, 17, 205, 107, 23, 171, 230, 11, 101, 169, 18, 206, 57, 240, 110, 223, 72, 
2, 148, 104, 170, 6, 199, 153, 25, 192, 150, 80, 174, 94, 202, 6, 104, 213, 87, 57, 143, 204, 74, 191, 103, 33, 246, 126, 177, 25, 149, 81, 173, 96, 31, 117, 194, 27, 182, 36, 170, 139, 23, 134, 184, 70, 165, 83, 144, 243, 65, 191, 10, 204, 102, 227, 32, 131, 160, 81, 249, 11, 133, 238, 28, 130, 253, 47, 102, 241, 66, 172, 38, 179, 20, 106, 231, 73, 214, 64, 233, 142, 78, 162, 84, 208, 88, 236, 73, 217, 119, 147, 16, 113, 219, 136, 2, 195, 121, 31, 191, 8, 233, 35, 113, 252, 91, 33, 136, 248, 8, 190, 61, 165, 69, 235, 128, 59, 143, 112, 214, 63, 236, 119, 172, 15, 161, 40, 174, 
127, 228, 33, 117, 242, 92, 55, 219, 107, 15, 209, 49, 251, 70, 129, 178, 47, 151, 221, 3, 106, 174, 22, 132, 197, 89, 0, 109, 237, 50, 208, 16, 231, 143, 217, 60, 155, 90, 213, 57, 223, 106, 237, 35, 207, 0, 235, 44, 125, 158, 96, 252, 129, 23, 152, 107, 197, 16, 188, 94, 212, 57, 151, 99, 193, 6, 201, 134, 34, 204, 122, 250, 58, 216, 137, 11, 151, 112, 195, 1, 116, 215, 38, 191, 25, 145, 49, 182, 103, 28, 230, 98, 185, 29, 175, 109, 149, 60, 251, 100, 210, 62, 135, 205, 1, 192, 115, 182, 68, 162, 49, 230, 99, 186, 1, 156, 219, 31, 193, 47, 180, 136, 36, 95, 218, 75, 250, 98, 
182, 60, 189, 139, 37, 134, 180, 79, 145, 234, 64, 165, 26, 144, 226, 63, 247, 19, 112, 161, 214, 54, 152, 234, 62, 170, 123, 189, 83, 163, 72, 184, 122, 82, 3, 126, 254, 15, 113, 187, 7, 176, 62, 162, 92, 152, 77, 180, 14, 201, 33, 142, 51, 217, 62, 240, 72, 222, 126, 31, 122, 177, 18, 226, 85, 156, 60, 229, 160, 95, 9, 108, 163, 72, 194, 94, 248, 34, 146, 99, 186, 61, 253, 135, 95, 244, 125, 3, 210, 132, 58, 200, 79, 243, 64, 234, 25, 213, 139, 57, 158, 108, 180, 78, 160, 65, 237, 16, 218, 88, 201, 140, 34, 114, 202, 73, 120, 164, 92, 255, 5, 88, 229, 154, 51, 187, 138, 26, 
78, 211, 17, 235, 84, 214, 10, 249, 39, 127, 185, 88, 196, 108, 12, 192, 99, 134, 232, 40, 88, 245, 98, 9, 213, 43, 230, 35, 216, 10, 248, 139, 47, 242, 148, 202, 53, 162, 229, 68, 150, 93, 214, 16, 255, 54, 218, 100, 227, 74, 121, 232, 90, 135, 181, 0, 158, 41, 175, 110, 243, 71, 209, 117, 36, 183, 128, 17, 80, 236, 125, 210, 27, 238, 40, 161, 84, 205, 53, 243, 22, 171, 120, 8, 175, 56, 197, 156, 63, 249, 151, 6, 164, 46, 154, 89, 181, 104, 12, 187, 38, 243, 21, 229, 47, 208, 97, 148, 45, 168, 23, 85, 213, 138, 43, 247, 15, 225, 68, 149, 115, 197, 22, 106, 204, 8, 109, 233, 
164, 93, 156, 50, 177, 99, 158, 71, 194, 102, 3, 245, 42, 219, 118, 148, 33, 200, 60, 185, 128, 27, 188, 118, 143, 91, 157, 120, 68, 181, 102, 24, 197, 105, 34, 87, 189, 99, 39, 123, 247, 47, 115, 179, 127, 194, 26, 172, 49, 148, 207, 6, 189, 36, 109, 212, 92, 254, 76, 195, 3, 165, 44, 144, 248, 75, 222, 111, 190, 32, 166, 52, 182, 99, 131, 226, 19, 118, 168, 81, 199, 138, 51, 211, 105, 226, 20, 114, 190, 33, 106, 227, 93, 212, 14, 224, 44, 132, 203, 76, 215, 130, 93, 140, 177, 26, 167, 75, 231, 105, 253, 126, 11, 236, 90, 160, 130, 52, 187, 27, 210, 66, 140, 247, 69, 133, 175, 46, 
13, 245, 66, 203, 113, 29, 228, 131, 24, 223, 155, 77, 163, 67, 175, 73, 242, 92, 169, 13, 210, 148, 51, 205, 30, 255, 18, 202, 130, 38, 226, 136, 66, 218, 125, 234, 20, 131, 210, 166, 27, 146, 232, 81, 37, 108, 160, 85, 248, 22, 106, 165, 59, 247, 146, 67, 167, 20, 149, 51, 230, 90, 202, 104, 10, 197, 39, 155, 87, 218, 68, 255, 140, 3, 191, 75, 139, 219, 7, 229, 41, 91, 239, 123, 36, 146, 86, 234, 73, 170, 127, 50, 184, 66, 168, 72, 159, 247, 33, 117, 152, 6, 194, 54, 120, 242, 56, 203, 4, 172, 49, 191, 152, 63, 179, 25, 196, 102, 138, 242, 50, 124, 176, 43, 121, 237, 62, 214, 
88, 134, 190, 0, 252, 127, 59, 205, 119, 57, 132, 211, 20, 237, 36, 212, 1, 158, 80, 251, 67, 111, 237, 84, 172, 97, 180, 75, 243, 154, 58, 176, 119, 8, 178, 63, 156, 240, 1, 85, 201, 103, 10, 204, 124, 239, 4, 199, 56, 142, 236, 78, 198, 112, 25, 220, 46, 205, 100, 171, 82, 154, 24, 234, 138, 62, 131, 240, 0, 113, 177, 21, 90, 230, 115, 45, 197, 87, 158, 71, 184, 142, 15, 193, 77, 187, 130, 40, 208, 11, 239, 144, 26, 253, 126, 201, 0, 87, 128, 221, 66, 254, 73, 211, 12, 137, 186, 90, 157, 82, 223, 96, 36, 206, 110, 221, 78, 234, 9, 89, 157, 227, 1, 217, 151, 19, 195, 140, 
225, 41, 116, 168, 74, 150, 187, 14, 162, 232, 31, 95, 181, 121, 144, 103, 190, 52, 178, 25, 142, 191, 4, 160, 66, 211, 46, 147, 5, 113, 204, 19, 252, 141, 93, 222, 40, 89, 192, 128, 56, 224, 154, 59, 166, 65, 183, 98, 216, 125, 43, 175, 12, 228, 130, 81, 183, 64, 237, 13, 211, 46, 173, 68, 185, 98, 170, 55, 199, 148, 76, 206, 128, 37, 160, 242, 110, 30, 251, 127, 26, 212, 131, 97, 223, 1, 252, 103, 136, 178, 56, 88, 204, 107, 36, 83, 232, 145, 193, 18, 166, 42, 174, 127, 227, 80, 28, 247, 41, 210, 20, 131, 244, 121, 3, 143, 40, 122, 163, 203, 32, 85, 192, 97, 54, 171, 105, 30, 
157, 102, 239, 26, 218, 37, 107, 243, 73, 141, 114, 254, 84, 10, 200, 45, 119, 230, 85, 218, 104, 42, 222, 54, 239, 14, 125, 220, 93, 231, 70, 162, 51, 212, 30, 111, 182, 138, 50, 250, 141, 33, 116, 246, 21, 221, 118, 34, 153, 17, 193, 96, 156, 69, 162, 242, 7, 145, 115, 190, 61, 245, 108, 217, 30, 252, 16, 221, 126, 25, 244, 53, 167, 216, 80, 14, 183, 132, 62, 200, 119, 55, 247, 32, 137, 169, 53, 198, 23, 96, 213, 159, 8, 181, 122, 172, 102, 38, 77, 237, 114, 200, 96, 24, 106, 183, 115, 139, 178, 64, 148, 188, 60, 172, 86, 251, 106, 215, 54, 99, 249, 136, 37, 132, 230, 74, 254, 120, 
6, 201, 64, 160, 86, 199, 144, 45, 209, 5, 202, 47, 151, 222, 75, 248, 153, 16, 166, 56, 198, 129, 77, 167, 86, 142, 194, 56, 174, 28, 188, 88, 196, 75, 134, 245, 13, 209, 118, 17, 186, 97, 199, 72, 176, 78, 145, 253, 61, 226, 73, 244, 52, 214, 29, 86, 122, 223, 31, 94, 164, 125, 5, 121, 162, 59, 178, 116, 66, 192, 101, 152, 10, 94, 199, 149, 57, 227, 154, 4, 224, 157, 81, 181, 64, 112, 217, 85, 154, 246, 32, 118, 225, 69, 240, 20, 210, 120, 185, 139, 30, 82, 223, 124, 250, 39, 206, 7, 103, 233, 93, 13, 228, 46, 193, 33, 165, 17, 189, 147, 14, 178, 111, 201, 10, 188, 39, 208, 
147, 83, 174, 53, 231, 8, 96, 176, 80, 166, 69, 172, 110, 39, 184, 26, 96, 214, 123, 235, 9, 151, 249, 21, 187, 105, 34, 247, 108, 151, 45, 240, 2, 121, 172, 61, 159, 69, 230, 135, 80, 235, 5, 158, 42, 195, 11, 110, 180, 87, 164, 2, 182, 106, 137, 202, 170, 48, 132, 251, 22, 206, 88, 188, 74, 209, 138, 38, 232, 141, 43, 224, 117, 249, 32, 106, 192, 23, 92, 188, 101, 38, 205, 12, 240, 150, 17, 176, 50, 123, 189, 58, 149, 129, 45, 191, 64, 245, 10, 92, 207, 157, 2, 169, 70, 160, 86, 239, 129, 32, 200, 117, 154, 101, 134, 224, 65, 240, 129, 79, 220, 72, 238, 67, 153, 100, 165, 89, 
43, 248, 19, 192, 109, 134, 250, 23, 220, 117, 227, 17, 237, 133, 89, 140, 197, 78, 34, 109, 186, 63, 113, 204, 70, 215, 118, 145, 11, 223, 127, 103, 139, 233, 24, 203, 92, 167, 44, 194, 31, 114, 174, 88, 212, 84, 237, 136, 26, 211, 47, 222, 124, 37, 255, 18, 78, 151, 198, 66, 176, 52, 239, 40, 227, 10, 93, 194, 130, 6, 175, 70, 181, 62, 130, 235, 65, 126, 245, 44, 144, 231, 87, 171, 107, 42, 234, 79, 221, 3, 136, 231, 16, 206, 91, 155, 131, 48, 141, 228, 38, 110, 241, 52, 216, 17, 172, 66, 195, 146, 54, 255, 29, 214, 7, 90, 176, 110, 42, 197, 56, 162, 21, 171, 45, 244, 23, 221, 
159, 95, 212, 118, 32, 185, 62, 195, 101, 37, 137, 198, 63, 189, 7, 240, 43, 137, 254, 159, 40, 226, 144, 47, 173, 1, 236, 82, 198, 73, 171, 21, 210, 57, 186, 48, 255, 4, 220, 101, 140, 205, 55, 243, 24, 168, 57, 188, 102, 128, 149, 68, 196, 89, 154, 115, 235, 97, 2, 226, 129, 100, 156, 131, 105, 141, 242, 28, 82, 254, 111, 203, 19, 157, 208, 2, 145, 198, 74, 169, 111, 21, 191, 69, 142, 195, 60, 161, 99, 197, 67, 105, 167, 61, 255, 4, 220, 101, 180, 62, 127, 194, 73, 149, 99, 192, 48, 221, 22, 114, 180, 74, 167, 69, 198, 144, 24, 209, 155, 4, 253, 123, 218, 82, 210, 76, 180, 69, 
13, 170, 56, 145, 240, 76, 163, 49, 152, 244, 88, 32, 158, 97, 212, 126, 107, 180, 4, 90, 207, 101, 17, 241, 96, 160, 50, 166, 31, 251, 53, 192, 77, 163, 95, 152, 78, 176, 133, 65, 248, 14, 155, 109, 143, 99, 227, 39, 216, 9, 249, 119, 15, 225, 56, 207, 42, 192, 113, 146, 33, 219, 14, 203, 35, 180, 57, 159, 201, 96, 50, 132, 239, 45, 89, 174, 100, 35, 220, 10, 237, 129, 49, 255, 5, 113, 211, 27, 250, 47, 152, 238, 39, 186, 109, 162, 79, 204, 25, 251, 151, 15, 214, 29, 234, 84, 154, 130, 91, 241, 0, 217, 126, 233, 37, 112, 246, 50, 102, 181, 91, 33, 107, 183, 2, 143, 118, 236, 
203, 87, 228, 4, 125, 207, 15, 233, 122, 2, 181, 115, 252, 51, 147, 22, 230, 55, 218, 132, 29, 135, 170, 61, 193, 85, 209, 71, 184, 138, 98, 132, 244, 12, 229, 33, 217, 121, 23, 185, 50, 123, 224, 38, 202, 1, 132, 173, 76, 163, 44, 177, 139, 103, 181, 10, 168, 83, 247, 58, 173, 77, 184, 70, 250, 87, 218, 123, 15, 164, 223, 29, 146, 114, 217, 52, 252, 153, 84, 178, 70, 209, 159, 62, 215, 145, 84, 165, 74, 180, 22, 91, 212, 135, 29, 230, 40, 117, 173, 89, 49, 176, 80, 166, 118, 5, 252, 34, 177, 61, 162, 106, 20, 83, 153, 188, 67, 130, 234, 58, 207, 145, 231, 49, 128, 195, 29, 104, 
48, 179, 71, 198, 44, 142, 105, 174, 66, 216, 55, 206, 12, 194, 72, 173, 85, 163, 71, 195, 112, 246, 81, 220, 25, 141, 15, 231, 121, 7, 212, 36, 107, 176, 69, 199, 139, 71, 241, 86, 213, 147, 62, 178, 83, 251, 112, 29, 236, 94, 209, 63, 238, 34, 133, 233, 65, 159, 21, 213, 126, 241, 27, 121, 149, 1, 136, 47, 234, 60, 117, 185, 69, 169, 13, 189, 126, 19, 204, 46, 147, 29, 117, 185, 101, 35, 241, 11, 218, 115, 202, 140, 9, 78, 195, 94, 137, 236, 6, 145, 222, 97, 246, 60, 202, 134, 108, 205, 97, 225, 41, 208, 121, 249, 94, 11, 204, 149, 19, 166, 117, 10, 133, 87, 250, 61, 216, 149, 
246, 25, 156, 98, 255, 79, 224, 35, 126, 146, 93, 155, 129, 103, 242, 38, 209, 15, 236, 41, 158, 10, 179, 45, 124, 253, 103, 153, 43, 225, 89, 143, 205, 27, 155, 116, 9, 181, 45, 169, 7, 104, 238, 19, 161, 55, 187, 139, 51, 184, 22, 157, 90, 188, 79, 121, 199, 48, 178, 106, 7, 91, 160, 232, 54, 169, 206, 91, 154, 103, 213, 5, 246, 85, 231, 105, 58, 226, 136, 109, 246, 95, 233, 16, 153, 193, 71, 173, 133, 34, 82, 247, 110, 224, 119, 18, 185, 53, 196, 108, 35, 186, 11, 156, 43, 226, 54, 150, 14, 135, 184, 78, 168, 51, 161, 226, 40, 96, 216, 44, 239, 77, 211, 160, 18, 167, 78, 130, 
116, 190, 52, 171, 18, 186, 59, 167, 248, 22, 235, 41, 225, 28, 134, 186, 91, 152, 100, 171, 86, 228, 74, 144, 200, 65, 175, 59, 196, 135, 52, 238, 81, 127, 249, 58, 233, 102, 223, 111, 132, 193, 75, 207, 95, 217, 16, 231, 86, 134, 246, 53, 215, 3, 252, 27, 138, 229, 73, 208, 120, 191, 41, 97, 197, 111, 33, 248, 18, 193, 43, 161, 54, 179, 34, 134, 183, 91, 39, 194, 2, 173, 80, 201, 55, 126, 225, 48, 94, 230, 143, 52, 178, 43, 153, 249, 76, 161, 71, 243, 141, 75, 218, 94, 171, 22, 188, 86, 245, 109, 28, 231, 6, 214, 131, 70, 126, 196, 65, 175, 112, 186, 36, 109, 223, 45, 234, 9, 
213, 82, 238, 68, 215, 109, 143, 7, 97, 164, 80, 169, 86, 178, 110, 0, 215, 47, 251, 22, 207, 53, 191, 108, 3, 217, 28, 235, 107, 20, 185, 113, 0, 189, 37, 195, 136, 21, 149, 39, 253, 26, 171, 46, 150, 67, 170, 122, 198, 6, 109, 176, 76, 162, 70, 174, 99, 12, 152, 35, 254, 61, 222, 137, 12, 228, 82, 167, 125, 71, 238, 80, 216, 139, 77, 206, 8, 242, 158, 75, 218, 119, 38, 140, 248, 98, 21, 183, 140, 0, 196, 125, 19, 207, 63, 129, 201, 30, 209, 16, 113, 169, 58, 194, 72, 238, 67, 163, 47, 211, 147, 71, 181, 103, 23, 243, 159, 1, 254, 139, 16, 84, 245, 143, 67, 184, 137, 95, 
