(00,  0.00) 
(01,  -0.40) 
(02,  -0.80) 
(03,  -1.20) 
(04,  -1.60) 
(05,  -2.00) 
(06,  -2.40) 
(07,  -2.80) 
(08,  -3.20) 
(09,  -3.60) 
(10,  -4.00) 
(11,  -4.40) 
(12,  -4.80) 
(13,  -5.20) 
(14,  -5.60) 
(15,  -6.00) 
(16,  -6.40) 
(17,  -6.80) 
(18,  -7.20) 
(19,  -7.60) 
(20,  -8.00) 
(21,  -8.40) 
(22,  -8.80) 
(23,  -9.20) 
(24,  -9.60) 
(25,  -10.00) 
(26,  -10.40) 
(27,  -10.80) 
(28,  -11.20) 
(29,  -11.60) 
(30,  -12.00) 
(31,  -12.40) 
(32,  -12.80) 
(33,  -13.20) 
(34,  -13.60) 
(35,  -14.00) 
(36,  -14.40) 
(37,  -14.80) 
(38,  -15.20) 
(39,  -15.60) 
(40,  -16.00) 
(41,  -16.40) 
(42,  -16.80) 
(43,  -17.20) 
(44,  -17.60) 
(45,  -18.00) 
(46,  -18.40) 
(47,  -18.80) 
(48,  -19.20) 
(49,  -19.60) 
(50,  -20.00) 
(51,  -20.40) 
(52,  -20.80) 
(53,  -21.20) 
(54,  -21.60) 
(55,  -22.00) 
(56,  -22.40) 
(57,  -22.80) 
(58,  -23.20) 
(59,  -23.60) 
(60,  -24.00) 
(60,  -24.00) 
(61,  -24.32) 
(62,  -24.64) 
(63,  -24.96) 
(64,  -25.29) 
(65,  -25.61) 
(66,  -25.93) 
(67,  -26.25) 
(68,  -26.57) 
(69,  -26.89) 
(70,  -27.21) 
(71,  -27.54) 
(72,  -27.86) 
(73,  -28.18) 
(74,  -28.50) 
(75,  -28.82) 
(76,  -29.14) 
(77,  -29.46) 
(78,  -29.79) 
(79,  -30.11) 
(80,  -30.43) 
(81,  -30.75) 
(82,  -31.07) 
(83,  -31.39) 
(84,  -31.71) 
(85,  -32.04) 
(86,  -32.36) 
(87,  -32.68) 
(88,  -33.00) 
(89,  -33.32) 
(90,  -33.64) 
(91,  -33.96) 
(92,  -34.29) 
(93,  -34.61) 
(94,  -34.93) 
(95,  -35.25) 
(96,  -35.57) 
(97,  -35.89) 
(98,  -36.21) 
(99,  -36.54) 
(100,  -36.86) 
(101,  -37.18) 
(102,  -37.50) 
(103,  -37.82) 
(104,  -38.14) 
(105,  -38.46) 
(106,  -38.79) 
(107,  -39.11) 
(108,  -39.43) 
(109,  -39.75) 
(110,  -40.07) 
(111,  -40.39) 
(112,  -40.71) 
(113,  -41.04) 
(114,  -41.36) 
(115,  -41.68) 
(116,  -42.00) 
(116,  -42.00) 
(117,  -42.19) 
(118,  -42.38) 
(119,  -42.58) 
(120,  -42.77) 
(121,  -42.96) 
(122,  -43.15) 
(123,  -43.35) 
(124,  -43.54) 
(125,  -43.73) 
(126,  -43.92) 
(127,  -44.12) 
(128,  -44.31) 
(129,  -44.50) 
(130,  -44.69) 
(131,  -44.88) 
(132,  -45.08) 
(133,  -45.27) 
(134,  -45.46) 
(135,  -45.65) 
(136,  -45.85) 
(137,  -46.04) 
(138,  -46.23) 
(139,  -46.42) 
(140,  -46.62) 
(141,  -46.81) 
(142,  -47.00) 
(143,  -47.19) 
(144,  -47.38) 
(145,  -47.58) 
(146,  -47.77) 
(147,  -47.96) 
(148,  -48.15) 
(149,  -48.35) 
(150,  -48.54) 
(151,  -48.73) 
(152,  -48.92) 
(153,  -49.12) 
(154,  -49.31) 
(155,  -49.50) 
(156,  -49.69) 
(157,  -49.88) 
(158,  -50.08) 
(159,  -50.27) 
(160,  -50.46) 
(161,  -50.65) 
(162,  -50.85) 
(163,  -51.04) 
(164,  -51.23) 
(165,  -51.42) 
(166,  -51.62) 
(167,  -51.81) 
(168,  -52.00) 
(168,  -52.00) 
(169,  -52.09) 
(170,  -52.17) 
(171,  -52.26) 
(172,  -52.35) 
(173,  -52.43) 
(174,  -52.52) 
(175,  -52.61) 
(176,  -52.70) 
(177,  -52.78) 
(178,  -52.87) 
(179,  -52.96) 
(180,  -53.04) 
(181,  -53.13) 
(182,  -53.22) 
(183,  -53.30) 
(184,  -53.39) 
(185,  -53.48) 
(186,  -53.57) 
(187,  -53.65) 
(188,  -53.74) 
(189,  -53.83) 
(190,  -53.91) 
(191,  -54.00) 
(192,  -54.09) 
(193,  -54.17) 
(194,  -54.26) 
(195,  -54.35) 
(196,  -54.43) 
(197,  -54.52) 
(198,  -54.61) 
(199,  -54.70) 
(200,  -54.78) 
(201,  -54.87) 
(202,  -54.96) 
(203,  -55.04) 
(204,  -55.13) 
(205,  -55.22) 
(206,  -55.30) 
(207,  -55.39) 
(208,  -55.48) 
(209,  -55.57) 
(210,  -55.65) 
(211,  -55.74) 
(212,  -55.83) 
(213,  -55.91) 
(214,  -56.00) 
(214,  -56.00) 
(215,  -55.89) 
(216,  -55.79) 
(217,  -55.68) 
(218,  -55.58) 
(219,  -55.47) 
(220,  -55.37) 
(221,  -55.26) 
(222,  -55.16) 
(223,  -55.05) 
(224,  -54.95) 
(225,  -54.84) 
(226,  -54.74) 
(227,  -54.63) 
(228,  -54.53) 
(229,  -54.42) 
(230,  -54.32) 
(231,  -54.21) 
(232,  -54.11) 
(233,  -54.00) 
(234,  -53.89) 
(235,  -53.79) 
(236,  -53.68) 
(237,  -53.58) 
(238,  -53.47) 
(239,  -53.37) 
(240,  -53.26) 
(241,  -53.16) 
(242,  -53.05) 
(243,  -52.95) 
(244,  -52.84) 
(245,  -52.74) 
(246,  -52.63) 
(247,  -52.53) 
(248,  -52.42) 
(249,  -52.32) 
(250,  -52.21) 
(251,  -52.11) 
(252,  -52.00) 
(252,  -52.00) 
(253,  -51.72) 
(254,  -51.44) 
(255,  -51.17) 
(256,  -50.89) 
(257,  -50.61) 
(258,  -50.33) 
(259,  -50.06) 
(260,  -49.78) 
(261,  -49.50) 
(262,  -49.22) 
(263,  -48.94) 
(264,  -48.67) 
(265,  -48.39) 
(266,  -48.11) 
(267,  -47.83) 
(268,  -47.56) 
(269,  -47.28) 
(270,  -47.00) 
(271,  -46.72) 
(272,  -46.44) 
(273,  -46.17) 
(274,  -45.89) 
(275,  -45.61) 
(276,  -45.33) 
(277,  -45.06) 
(278,  -44.78) 
(279,  -44.50) 
(280,  -44.22) 
(281,  -43.94) 
(282,  -43.67) 
(283,  -43.39) 
(284,  -43.11) 
(285,  -42.83) 
(286,  -42.56) 
(287,  -42.28) 
(288,  -42.00) 
(288,  -42.00) 
(289,  -41.40) 
(290,  -40.80) 
(291,  -40.20) 
(292,  -39.60) 
(293,  -39.00) 
(294,  -38.40) 
(295,  -37.80) 
(296,  -37.20) 
(297,  -36.60) 
(298,  -36.00) 
(299,  -35.40) 
(300,  -34.80) 
(301,  -34.20) 
(302,  -33.60) 
(303,  -33.00) 
(304,  -32.40) 
(305,  -31.80) 
(306,  -31.20) 
(307,  -30.60) 
(308,  -30.00) 
(309,  -29.40) 
(310,  -28.80) 
(311,  -28.20) 
(312,  -27.60) 
(313,  -27.00) 
(314,  -26.40) 
(315,  -25.80) 
(316,  -25.20) 
(317,  -24.60) 
(318,  -24.00) 
(318,  -24.00) 
(319,  -23.08) 
(320,  -22.15) 
(321,  -21.23) 
(322,  -20.31) 
(323,  -19.38) 
(324,  -18.46) 
(325,  -17.54) 
(326,  -16.62) 
(327,  -15.69) 
(328,  -14.77) 
(329,  -13.85) 
(330,  -12.92) 
(331,  -12.00) 
(332,  -11.08) 
(333,  -10.15) 
(334,  -9.23) 
(335,  -8.31) 
(336,  -7.38) 
(337,  -6.46) 
(338,  -5.54) 
(339,  -4.62) 
(340,  -3.69) 
(341,  -2.77) 
(342,  -1.85) 
(343,  -0.92) 
(344,  0.00) 
(345,  3.80) 
(346,  5.70) 
(347,  7.60) 
(348,  9.50) 
(349,  11.40) 
(350,  13.30) 
(351,  15.20) 
(352,  17.10) 
(353,  19.00) 
(354,  20.90) 
(355,  22.80) 
(356,  24.70) 
(357,  26.60) 
(358,  28.50) 
(359,  30.40) 
(360,  32.30) 
(361,  34.20) 
(362,  36.10) 
(363,  38.00) 
(364,  39.90) 
(365,  41.80) 
(366,  43.70) 
(367,  45.60) 
(368,  47.50) 
(369,  49.40) 
(370,  51.30) 
(371,  53.20) 
(372,  55.10) 
(373,  57.00) 
(374,  58.90) 
(375,  60.80) 
(376,  62.70) 
(377,  64.60) 
(378,  66.50) 
(379,  68.40) 
(380,  70.30) 
(381,  72.20) 
(382,  74.10) 
(383,  76.00) 
(384,  77.90) 
(384,  76.00) 
(385,  78.42) 
(386,  80.83) 
(387,  83.25) 
(388,  85.67) 
(389,  88.08) 
(390,  90.50) 
(391,  92.92) 
(392,  95.33) 
(393,  97.75) 
(394,  100.17) 
(395,  102.58) 
(396,  105.00) 
(397,  107.42) 
(398,  109.83) 
(399,  112.25) 
(400,  114.67) 
(401,  117.08) 
(402,  119.50) 
(403,  121.92) 
(404,  124.33) 
(405,  126.75) 
(406,  129.17) 
(407,  131.58) 
(408,  134.00) 
(409,  136.42) 
(410,  138.83) 
(411,  141.25) 
(412,  143.67) 
(413,  146.08) 
(414,  148.50) 
(415,  150.92) 
(416,  153.33) 
(417,  155.75) 
(418,  158.17) 
(419,  160.58) 
(420,  163.00) 
(421,  165.42) 
(422,  167.83) 
(423,  170.25) 
(424,  172.67) 
(425,  175.08) 
(426,  177.50) 
(427,  179.92) 
(428,  182.33) 
(429,  184.75) 
(430,  187.17) 
(431,  189.58) 
(432,  192.00) 
(432,  192.00) 
(433,  194.85) 
(434,  197.69) 
(435,  200.54) 
(436,  203.38) 
(437,  206.23) 
(438,  209.08) 
(439,  211.92) 
(440,  214.77) 
(441,  217.62) 
(442,  220.46) 
(443,  223.31) 
(444,  226.15) 
(445,  229.00) 
(446,  231.85) 
(447,  234.69) 
(448,  237.54) 
(449,  240.38) 
(450,  243.23) 
(451,  246.08) 
(452,  248.92) 
(453,  251.77) 
(454,  254.62) 
(455,  257.46) 
(456,  260.31) 
(457,  263.15) 
(458,  266.00) 
(459,  268.85) 
(460,  271.69) 
(461,  274.54) 
(462,  277.38) 
(463,  280.23) 
(464,  283.08) 
(465,  285.92) 
(466,  288.77) 
(467,  291.62) 
(468,  294.46) 
(469,  297.31) 
(470,  300.15) 
(471,  303.00) 
(472,  305.85) 
(473,  308.69) 
(474,  311.54) 
(475,  314.38) 
(476,  317.23) 
(477,  320.08) 
(478,  322.92) 
(479,  325.77) 
(480,  328.62) 
(481,  331.46) 
(482,  334.31) 
(483,  337.15) 
(484,  340.00) 
(484,  340.00) 
(485,  342.66) 
(486,  345.31) 
(487,  347.97) 
(488,  350.62) 
(489,  353.28) 
(490,  355.93) 
(491,  358.59) 
(492,  361.24) 
(493,  363.90) 
(494,  366.55) 
(495,  369.21) 
(496,  371.86) 
(497,  374.52) 
(498,  377.17) 
(499,  379.83) 
(500,  382.48) 
(501,  385.14) 
(502,  387.79) 
(503,  390.45) 
(504,  393.10) 
(505,  395.76) 
(506,  398.41) 
(507,  401.07) 
(508,  403.72) 
(509,  406.38) 
(510,  409.03) 
(511,  411.69) 
(512,  414.34) 
(513,  417.00) 
(514,  419.66) 
(515,  422.31) 
(516,  424.97) 
(517,  427.62) 
(518,  430.28) 
(519,  432.93) 
(520,  435.59) 
(521,  438.24) 
(522,  440.90) 
(523,  443.55) 
(524,  446.21) 
(525,  448.86) 
(526,  451.52) 
(527,  454.17) 
(528,  456.83) 
(529,  459.48) 
(530,  462.14) 
(531,  464.79) 
(532,  467.45) 
(533,  470.10) 
(534,  472.76) 
(535,  475.41) 
(536,  478.07) 
(537,  480.72) 
(538,  483.38) 
(539,  486.03) 
(540,  488.69) 
(541,  491.34) 
(542,  494.00) 
(542,  494.00) 
(543,  497.00) 
(544,  500.00) 
(545,  503.00) 
(546,  506.00) 
(547,  509.00) 
(548,  512.00) 
(549,  515.00) 
(550,  518.00) 
(551,  521.00) 
(552,  524.00) 
(553,  527.00) 
(554,  530.00) 
(555,  533.00) 
(556,  536.00) 
(557,  539.00) 
(558,  542.00) 
(559,  545.00) 
(560,  548.00) 
(561,  551.00) 
(562,  554.00) 
(563,  557.00) 
(564,  560.00) 
(565,  563.00) 
(566,  566.00) 
(567,  569.00) 
(568,  572.00) 
(569,  575.00) 
(570,  578.00) 
(571,  581.00) 
(572,  584.00) 
(573,  587.00) 
(574,  590.00) 
(575,  593.00) 
(576,  596.00) 
(577,  599.00) 
(578,  602.00) 
(579,  605.00) 
(580,  608.00) 
(581,  611.00) 
(582,  614.00) 
(583,  617.00) 
(584,  620.00) 
(585,  623.00) 
(586,  626.00) 
(587,  629.00) 
(588,  632.00) 
(589,  635.00) 
(590,  638.00) 
(591,  641.00) 
(592,  644.00) 
(593,  647.00) 
(594,  650.00) 
(595,  653.00) 
(596,  656.00) 
(596,  656.00) 
(597,  658.48) 
(598,  660.97) 
(599,  663.45) 
(600,  665.93) 
(601,  668.41) 
(602,  670.90) 
(603,  673.38) 
(604,  675.86) 
(605,  678.34) 
(606,  680.83) 
(607,  683.31) 
(608,  685.79) 
(609,  688.28) 
(610,  690.76) 
(611,  693.24) 
(612,  695.72) 
(613,  698.21) 
(614,  700.69) 
(615,  703.17) 
(616,  705.66) 
(617,  708.14) 
(618,  710.62) 
(619,  713.10) 
(620,  715.59) 
(621,  718.07) 
(622,  720.55) 
(623,  723.03) 
(624,  725.52) 
(625,  728.00) 
(626,  730.48) 
(627,  732.97) 
(628,  735.45) 
(629,  737.93) 
(630,  740.41) 
(631,  742.90) 
(632,  745.38) 
(633,  747.86) 
(634,  750.34) 
(635,  752.83) 
(636,  755.31) 
(637,  757.79) 
(638,  760.28) 
(639,  762.76) 
(640,  765.24) 
(641,  767.72) 
(642,  770.21) 
(643,  772.69) 
(644,  775.17) 
(645,  777.66) 
(646,  780.14) 
(647,  782.62) 
(648,  785.10) 
(649,  787.59) 
(650,  790.07) 
(651,  792.55) 
(652,  795.03) 
(653,  797.52) 
(654,  800.00) 
(654,  800.00) 
(655,  802.54) 
(656,  805.08) 
(657,  807.63) 
(658,  810.17) 
(659,  812.71) 
(660,  815.25) 
(661,  817.79) 
(662,  820.33) 
(663,  822.88) 
(664,  825.42) 
(665,  827.96) 
(666,  830.50) 
(667,  833.04) 
(668,  835.58) 
(669,  838.13) 
(670,  840.67) 
(671,  843.21) 
(672,  845.75) 
(673,  848.29) 
(674,  850.83) 
(675,  853.38) 
(676,  855.92) 
(677,  858.46) 
(678,  861.00) 
(679,  863.54) 
(680,  866.08) 
(681,  868.63) 
(682,  871.17) 
(683,  873.71) 
(684,  876.25) 
(685,  878.79) 
(686,  881.33) 
(687,  883.88) 
(688,  886.42) 
(689,  888.96) 
(690,  891.50) 
(691,  894.04) 
(692,  896.58) 
(693,  899.13) 
(694,  901.67) 
(695,  904.21) 
(696,  906.75) 
(697,  909.29) 
(698,  911.83) 
(699,  914.38) 
(700,  916.92) 
(701,  919.46) 
(702,  922.00) 
(702,  922.00) 
(703,  923.86) 
(704,  925.71) 
(705,  927.57) 
(706,  929.43) 
(707,  931.29) 
(708,  933.14) 
(709,  935.00) 
(710,  936.86) 
(711,  938.71) 
(712,  940.57) 
(713,  942.43) 
(714,  944.29) 
(715,  946.14) 
(716,  948.00) 
(717,  949.86) 
(718,  951.71) 
(719,  953.57) 
(720,  955.43) 
(721,  957.29) 
(722,  959.14) 
(723,  961.00) 
(724,  962.86) 
(725,  964.71) 
(726,  966.57) 
(727,  968.43) 
(728,  970.29) 
(729,  972.14) 
(730,  974.00) 
(731,  975.86) 
(732,  977.71) 
(733,  979.57) 
(734,  981.43) 
(735,  983.29) 
(736,  985.14) 
(737,  987.00) 
(738,  988.86) 
(739,  990.71) 
(740,  992.57) 
(741,  994.43) 
(742,  996.29) 
(743,  998.14) 
(744,  1000.00) 
(745,  1002.44) 
(746,  1003.67) 
(747,  1004.89) 
(748,  1006.11) 
(749,  1007.33) 
(750,  1008.56) 
(751,  1009.78) 
(752,  1011.00) 
(753,  1012.22) 
(754,  1013.44) 
(755,  1014.67) 
(756,  1015.89) 
(757,  1017.11) 
(758,  1018.33) 
(759,  1019.56) 
(760,  1020.78) 
(761,  1022.00) 
(762,  1023.22) 
(762,  1022.00) 
(763,  1022.64) 
(764,  1023.27) 
(765,  1023.91) 
(766,  1024.55) 
(767,  1025.18) 
(768,  1025.82) 
(769,  1026.45) 
(770,  1027.09) 
(771,  1027.73) 
(772,  1028.36) 
(773,  1029.00) 
(774,  1029.64) 
(775,  1030.27) 
(776,  1030.91) 
(777,  1031.55) 
(778,  1032.18) 
(779,  1032.82) 
(780,  1033.45) 
(781,  1034.09) 
(782,  1034.73) 
(783,  1035.36) 
(784,  1036.00) 
(784,  1036.00) 
(785,  1036.31) 
(786,  1036.62) 
(787,  1036.92) 
(788,  1037.23) 
(789,  1037.54) 
(790,  1037.85) 
(791,  1038.15) 
(792,  1038.46) 
(793,  1038.77) 
(794,  1039.08) 
(795,  1039.38) 
(796,  1039.69) 
(797,  1040.00) 
(798,  1040.31) 
(799,  1040.62) 
(800,  1040.92) 
(801,  1041.23) 
(802,  1041.54) 
(803,  1041.85) 
(804,  1042.15) 
(805,  1042.46) 
(806,  1042.77) 
(807,  1043.08) 
(808,  1043.38) 
(809,  1043.69) 
(810,  1044.00) 
(810,  1044.00) 
(811,  1044.13) 
(812,  1044.27) 
(813,  1044.40) 
(814,  1044.53) 
(815,  1044.67) 
(816,  1044.80) 
(817,  1044.93) 
(818,  1045.07) 
(819,  1045.20) 
(820,  1045.33) 
(821,  1045.47) 
(822,  1045.60) 
(823,  1045.73) 
(824,  1045.87) 
(825,  1046.00) 
(826,  1046.13) 
(827,  1046.27) 
(828,  1046.40) 
(829,  1046.53) 
(830,  1046.67) 
(831,  1046.80) 
(832,  1046.93) 
(833,  1047.07) 
(834,  1047.20) 
(835,  1047.33) 
(836,  1047.47) 
(837,  1047.60) 
(838,  1047.73) 
(839,  1047.87) 
(840,  1048.00) 
(840,  1048.00) 
(841,  1047.88) 
(842,  1047.76) 
(843,  1047.65) 
(844,  1047.53) 
(845,  1047.41) 
(846,  1047.29) 
(847,  1047.18) 
(848,  1047.06) 
(849,  1046.94) 
(850,  1046.82) 
(851,  1046.71) 
(852,  1046.59) 
(853,  1046.47) 
(854,  1046.35) 
(855,  1046.24) 
(856,  1046.12) 
(857,  1046.00) 
(858,  1045.88) 
(859,  1045.76) 
(860,  1045.65) 
(861,  1045.53) 
(862,  1045.41) 
(863,  1045.29) 
(864,  1045.18) 
(865,  1045.06) 
(866,  1044.94) 
(867,  1044.82) 
(868,  1044.71) 
(869,  1044.59) 
(870,  1044.47) 
(871,  1044.35) 
(872,  1044.24) 
(873,  1044.12) 
(874,  1044.00) 
(874,  1044.00) 
(875,  1043.79) 
(876,  1043.58) 
(877,  1043.37) 
(878,  1043.16) 
(879,  1042.95) 
(880,  1042.74) 
(881,  1042.53) 
(882,  1042.32) 
(883,  1042.11) 
(884,  1041.89) 
(885,  1041.68) 
(886,  1041.47) 
(887,  1041.26) 
(888,  1041.05) 
(889,  1040.84) 
(890,  1040.63) 
(891,  1040.42) 
(892,  1040.21) 
(893,  1040.00) 
(894,  1039.79) 
(895,  1039.58) 
(896,  1039.37) 
(897,  1039.16) 
(898,  1038.95) 
(899,  1038.74) 
(900,  1038.53) 
(901,  1038.32) 
(902,  1038.11) 
(903,  1037.89) 
(904,  1037.68) 
(905,  1037.47) 
(906,  1037.26) 
(907,  1037.05) 
(908,  1036.84) 
(909,  1036.63) 
(910,  1036.42) 
(911,  1036.21) 
(912,  1036.00) 
(912,  1036.00) 
(913,  1035.67) 
(914,  1035.33) 
(915,  1035.00) 
(916,  1034.67) 
(917,  1034.33) 
(918,  1034.00) 
(919,  1033.67) 
(920,  1033.33) 
(921,  1033.00) 
(922,  1032.67) 
(923,  1032.33) 
(924,  1032.00) 
(925,  1031.67) 
(926,  1031.33) 
(927,  1031.00) 
(928,  1030.67) 
(929,  1030.33) 
(930,  1030.00) 
(931,  1029.67) 
(932,  1029.33) 
(933,  1029.00) 
(934,  1028.67) 
(935,  1028.33) 
(936,  1028.00) 
(937,  1027.67) 
(938,  1027.33) 
(939,  1027.00) 
(940,  1026.67) 
(941,  1026.33) 
(942,  1026.00) 
(943,  1025.67) 
(944,  1025.33) 
(945,  1025.00) 
(946,  1024.67) 
(947,  1024.33) 
(948,  1024.00) 
(949,  1023.67) 
(950,  1023.33) 
(951,  1023.00) 
(952,  1022.67) 
(953,  1022.33) 
(954,  1022.00) 
(954,  1022.00) 
(955,  1021.52) 
(956,  1021.04) 
(957,  1020.57) 
(958,  1020.09) 
(959,  1019.61) 
(960,  1019.13) 
(961,  1018.65) 
(962,  1018.17) 
(963,  1017.70) 
(964,  1017.22) 
(965,  1016.74) 
(966,  1016.26) 
(967,  1015.78) 
(968,  1015.30) 
(969,  1014.83) 
(970,  1014.35) 
(971,  1013.87) 
(972,  1013.39) 
(973,  1012.91) 
(974,  1012.43) 
(975,  1011.96) 
(976,  1011.48) 
(977,  1011.00) 
(978,  1010.52) 
(979,  1010.04) 
(980,  1009.57) 
(981,  1009.09) 
(982,  1008.61) 
(983,  1008.13) 
(984,  1007.65) 
(985,  1007.17) 
(986,  1006.70) 
(987,  1006.22) 
(988,  1005.74) 
(989,  1005.26) 
(990,  1004.78) 
(991,  1004.30) 
(992,  1003.83) 
(993,  1003.35) 
(994,  1002.87) 
(995,  1002.39) 
(996,  1001.91) 
(997,  1001.43) 
(998,  1000.96) 
(999,  1000.48) 
(1000,  1000.00) 
