(00,  0.00) 
(01,  -0.40) 
(02,  -0.80) 
(03,  -1.20) 
(04,  -1.60) 
(05,  -2.00) 
(06,  -2.40) 
(07,  -2.80) 
(08,  -3.20) 
(09,  -3.60) 
(10,  -4.00) 
(11,  -4.40) 
(12,  -4.80) 
(13,  -5.20) 
(14,  -5.60) 
(15,  -6.00) 
(16,  -6.40) 
(17,  -6.80) 
(18,  -7.20) 
(19,  -7.60) 
(20,  -8.00) 
(21,  -8.40) 
(22,  -8.80) 
(23,  -9.20) 
(24,  -9.60) 
(25,  -10.00) 
(26,  -10.40) 
(27,  -10.80) 
(28,  -11.20) 
(29,  -11.60) 
(30,  -12.00) 
(31,  -12.40) 
(32,  -12.80) 
(33,  -13.20) 
(34,  -13.60) 
(35,  -14.00) 
(36,  -14.40) 
(37,  -14.80) 
(38,  -15.20) 
(39,  -15.60) 
(40,  -16.00) 
(41,  -16.40) 
(42,  -16.80) 
(43,  -17.20) 
(44,  -17.60) 
(45,  -18.00) 
(46,  -18.40) 
(47,  -18.80) 
(48,  -19.20) 
(49,  -19.60) 
(50,  -20.00) 
(51,  -20.40) 
(52,  -20.80) 
(53,  -21.20) 
(54,  -21.60) 
(55,  -22.00) 
(56,  -22.40) 
(57,  -22.80) 
(58,  -23.20) 
(59,  -23.60) 
(60,  -24.00) 
(60,  -24.00) 
(61,  -24.32) 
(62,  -24.64) 
(63,  -24.96) 
(64,  -25.29) 
(65,  -25.61) 
(66,  -25.93) 
(67,  -26.25) 
(68,  -26.57) 
(69,  -26.89) 
(70,  -27.21) 
(71,  -27.54) 
(72,  -27.86) 
(73,  -28.18) 
(74,  -28.50) 
(75,  -28.82) 
(76,  -29.14) 
(77,  -29.46) 
(78,  -29.79) 
(79,  -30.11) 
(80,  -30.43) 
(81,  -30.75) 
(82,  -31.07) 
(83,  -31.39) 
(84,  -31.71) 
(85,  -32.04) 
(86,  -32.36) 
(87,  -32.68) 
(88,  -33.00) 
(89,  -33.32) 
(90,  -33.64) 
(91,  -33.96) 
(92,  -34.29) 
(93,  -34.61) 
(94,  -34.93) 
(95,  -35.25) 
(96,  -35.57) 
(97,  -35.89) 
(98,  -36.21) 
(99,  -36.54) 
(100,  -36.86) 
(101,  -37.18) 
(102,  -37.50) 
(103,  -37.82) 
(104,  -38.14) 
(105,  -38.46) 
(106,  -38.79) 
(107,  -39.11) 
(108,  -39.43) 
(109,  -39.75) 
(110,  -40.07) 
(111,  -40.39) 
(112,  -40.71) 
(113,  -41.04) 
(114,  -41.36) 
(115,  -41.68) 
(116,  -42.00) 
(116,  -42.00) 
(117,  -42.19) 
(118,  -42.38) 
(119,  -42.58) 
(120,  -42.77) 
(121,  -42.96) 
(122,  -43.15) 
(123,  -43.35) 
(124,  -43.54) 
(125,  -43.73) 
(126,  -43.92) 
(127,  -44.12) 
(128,  -44.31) 
(129,  -44.50) 
(130,  -44.69) 
(131,  -44.88) 
(132,  -45.08) 
(133,  -45.27) 
(134,  -45.46) 
(135,  -45.65) 
(136,  -45.85) 
(137,  -46.04) 
(138,  -46.23) 
(139,  -46.42) 
(140,  -46.62) 
(141,  -46.81) 
(142,  -47.00) 
(143,  -47.19) 
(144,  -47.38) 
(145,  -47.58) 
(146,  -47.77) 
(147,  -47.96) 
(148,  -48.15) 
(149,  -48.35) 
(150,  -48.54) 
(151,  -48.73) 
(152,  -48.92) 
(153,  -49.12) 
(154,  -49.31) 
(155,  -49.50) 
(156,  -49.69) 
(157,  -49.88) 
(158,  -50.08) 
(159,  -50.27) 
(160,  -50.46) 
(161,  -50.65) 
(162,  -50.85) 
(163,  -51.04) 
(164,  -51.23) 
(165,  -51.42) 
(166,  -51.62) 
(167,  -51.81) 
(168,  -52.00) 
(168,  -52.00) 
(169,  -52.09) 
(170,  -52.17) 
(171,  -52.26) 
(172,  -52.35) 
(173,  -52.43) 
(174,  -52.52) 
(175,  -52.61) 
(176,  -52.70) 
(177,  -52.78) 
(178,  -52.87) 
(179,  -52.96) 
(180,  -53.04) 
(181,  -53.13) 
(182,  -53.22) 
(183,  -53.30) 
(184,  -53.39) 
(185,  -53.48) 
(186,  -53.57) 
(187,  -53.65) 
(188,  -53.74) 
(189,  -53.83) 
(190,  -53.91) 
(191,  -54.00) 
(192,  -54.09) 
(193,  -54.17) 
(194,  -54.26) 
(195,  -54.35) 
(196,  -54.43) 
(197,  -54.52) 
(198,  -54.61) 
(199,  -54.70) 
(200,  -54.78) 
(201,  -54.87) 
(202,  -54.96) 
(203,  -55.04) 
(204,  -55.13) 
(205,  -55.22) 
(206,  -55.30) 
(207,  -55.39) 
(208,  -55.48) 
(209,  -55.57) 
(210,  -55.65) 
(211,  -55.74) 
(212,  -55.83) 
(213,  -55.91) 
(214,  -56.00) 
(214,  -56.00) 
(215,  -55.89) 
(216,  -55.79) 
(217,  -55.68) 
(218,  -55.58) 
(219,  -55.47) 
(220,  -55.37) 
(221,  -55.26) 
(222,  -55.16) 
(223,  -55.05) 
(224,  -54.95) 
(225,  -54.84) 
(226,  -54.74) 
(227,  -54.63) 
(228,  -54.53) 
(229,  -54.42) 
(230,  -54.32) 
(231,  -54.21) 
(232,  -54.11) 
(233,  -54.00) 
(234,  -53.89) 
(235,  -53.79) 
(236,  -53.68) 
(237,  -53.58) 
(238,  -53.47) 
(239,  -53.37) 
(240,  -53.26) 
(241,  -53.16) 
(242,  -53.05) 
(243,  -52.95) 
(244,  -52.84) 
(245,  -52.74) 
(246,  -52.63) 
(247,  -52.53) 
(248,  -52.42) 
(249,  -52.32) 
(250,  -52.21) 
(251,  -52.11) 
(252,  -52.00) 
(252,  -52.00) 
(253,  -51.72) 
(254,  -51.44) 
(255,  -51.17) 
(256,  -50.89) 
(257,  -50.61) 
(258,  -50.33) 
(259,  -50.06) 
(260,  -49.78) 
(261,  -49.50) 
(262,  -49.22) 
(263,  -48.94) 
(264,  -48.67) 
(265,  -48.39) 
(266,  -48.11) 
(267,  -47.83) 
(268,  -47.56) 
(269,  -47.28) 
(270,  -47.00) 
(271,  -46.72) 
(272,  -46.44) 
(273,  -46.17) 
(274,  -45.89) 
(275,  -45.61) 
(276,  -45.33) 
(277,  -45.06) 
(278,  -44.78) 
(279,  -44.50) 
(280,  -44.22) 
(281,  -43.94) 
(282,  -43.67) 
(283,  -43.39) 
(284,  -43.11) 
(285,  -42.83) 
(286,  -42.56) 
(287,  -42.28) 
(288,  -42.00) 
(288,  -42.00) 
(289,  -41.40) 
(290,  -40.80) 
(291,  -40.20) 
(292,  -39.60) 
(293,  -39.00) 
(294,  -38.40) 
(295,  -37.80) 
(296,  -37.20) 
(297,  -36.60) 
(298,  -36.00) 
(299,  -35.40) 
(300,  -34.80) 
(301,  -34.20) 
(302,  -33.60) 
(303,  -33.00) 
(304,  -32.40) 
(305,  -31.80) 
(306,  -31.20) 
(307,  -30.60) 
(308,  -30.00) 
(309,  -29.40) 
(310,  -28.80) 
(311,  -28.20) 
(312,  -27.60) 
(313,  -27.00) 
(314,  -26.40) 
(315,  -25.80) 
(316,  -25.20) 
(317,  -24.60) 
(318,  -24.00) 
(318,  -24.00) 
(319,  -23.08) 
(320,  -22.15) 
(321,  -21.23) 
(322,  -20.31) 
(323,  -19.38) 
(324,  -18.46) 
(325,  -17.54) 
(326,  -16.62) 
(327,  -15.69) 
(328,  -14.77) 
(329,  -13.85) 
(330,  -12.92) 
(331,  -12.00) 
(332,  -11.08) 
(333,  -10.15) 
(334,  -9.23) 
(335,  -8.31) 
(336,  -7.38) 
(337,  -6.46) 
(338,  -5.54) 
(339,  -4.62) 
(340,  -3.69) 
(341,  -2.77) 
(342,  -1.85) 
(343,  -0.92) 
(344,  0.00) 
(345,  4.10) 
(346,  6.15) 
(347,  8.20) 
(348,  10.25) 
(349,  12.30) 
(350,  14.35) 
(351,  16.40) 
(352,  18.45) 
(353,  20.50) 
(354,  22.55) 
(355,  24.60) 
(356,  26.65) 
(357,  28.70) 
(358,  30.75) 
(359,  32.80) 
(360,  34.85) 
(361,  36.90) 
(362,  38.95) 
(363,  41.00) 
(364,  43.05) 
(365,  45.10) 
(366,  47.15) 
(367,  49.20) 
(368,  51.25) 
(369,  53.30) 
(370,  55.35) 
(371,  57.40) 
(372,  59.45) 
(373,  61.50) 
(374,  63.55) 
(375,  65.60) 
(376,  67.65) 
(377,  69.70) 
(378,  71.75) 
(379,  73.80) 
(380,  75.85) 
(381,  77.90) 
(382,  79.95) 
(383,  82.00) 
(384,  84.05) 
(384,  82.00) 
(385,  84.71) 
(386,  87.42) 
(387,  90.13) 
(388,  92.83) 
(389,  95.54) 
(390,  98.25) 
(391,  100.96) 
(392,  103.67) 
(393,  106.38) 
(394,  109.08) 
(395,  111.79) 
(396,  114.50) 
(397,  117.21) 
(398,  119.92) 
(399,  122.63) 
(400,  125.33) 
(401,  128.04) 
(402,  130.75) 
(403,  133.46) 
(404,  136.17) 
(405,  138.88) 
(406,  141.58) 
(407,  144.29) 
(408,  147.00) 
(409,  149.71) 
(410,  152.42) 
(411,  155.13) 
(412,  157.83) 
(413,  160.54) 
(414,  163.25) 
(415,  165.96) 
(416,  168.67) 
(417,  171.38) 
(418,  174.08) 
(419,  176.79) 
(420,  179.50) 
(421,  182.21) 
(422,  184.92) 
(423,  187.63) 
(424,  190.33) 
(425,  193.04) 
(426,  195.75) 
(427,  198.46) 
(428,  201.17) 
(429,  203.88) 
(430,  206.58) 
(431,  209.29) 
(432,  212.00) 
(432,  212.00) 
(433,  215.23) 
(434,  218.46) 
(435,  221.69) 
(436,  224.92) 
(437,  228.15) 
(438,  231.38) 
(439,  234.62) 
(440,  237.85) 
(441,  241.08) 
(442,  244.31) 
(443,  247.54) 
(444,  250.77) 
(445,  254.00) 
(446,  257.23) 
(447,  260.46) 
(448,  263.69) 
(449,  266.92) 
(450,  270.15) 
(451,  273.38) 
(452,  276.62) 
(453,  279.85) 
(454,  283.08) 
(455,  286.31) 
(456,  289.54) 
(457,  292.77) 
(458,  296.00) 
(459,  299.23) 
(460,  302.46) 
(461,  305.69) 
(462,  308.92) 
(463,  312.15) 
(464,  315.38) 
(465,  318.62) 
(466,  321.85) 
(467,  325.08) 
(468,  328.31) 
(469,  331.54) 
(470,  334.77) 
(471,  338.00) 
(472,  341.23) 
(473,  344.46) 
(474,  347.69) 
(475,  350.92) 
(476,  354.15) 
(477,  357.38) 
(478,  360.62) 
(479,  363.85) 
(480,  367.08) 
(481,  370.31) 
(482,  373.54) 
(483,  376.77) 
(484,  380.00) 
(484,  380.00) 
(485,  382.97) 
(486,  385.93) 
(487,  388.90) 
(488,  391.86) 
(489,  394.83) 
(490,  397.79) 
(491,  400.76) 
(492,  403.72) 
(493,  406.69) 
(494,  409.66) 
(495,  412.62) 
(496,  415.59) 
(497,  418.55) 
(498,  421.52) 
(499,  424.48) 
(500,  427.45) 
(501,  430.41) 
(502,  433.38) 
(503,  436.34) 
(504,  439.31) 
(505,  442.28) 
(506,  445.24) 
(507,  448.21) 
(508,  451.17) 
(509,  454.14) 
(510,  457.10) 
(511,  460.07) 
(512,  463.03) 
(513,  466.00) 
(514,  468.97) 
(515,  471.93) 
(516,  474.90) 
(517,  477.86) 
(518,  480.83) 
(519,  483.79) 
(520,  486.76) 
(521,  489.72) 
(522,  492.69) 
(523,  495.66) 
(524,  498.62) 
(525,  501.59) 
(526,  504.55) 
(527,  507.52) 
(528,  510.48) 
(529,  513.45) 
(530,  516.41) 
(531,  519.38) 
(532,  522.34) 
(533,  525.31) 
(534,  528.28) 
(535,  531.24) 
(536,  534.21) 
(537,  537.17) 
(538,  540.14) 
(539,  543.10) 
(540,  546.07) 
(541,  549.03) 
(542,  552.00) 
(542,  552.00) 
(543,  555.15) 
(544,  558.30) 
(545,  561.44) 
(546,  564.59) 
(547,  567.74) 
(548,  570.89) 
(549,  574.04) 
(550,  577.19) 
(551,  580.33) 
(552,  583.48) 
(553,  586.63) 
(554,  589.78) 
(555,  592.93) 
(556,  596.07) 
(557,  599.22) 
(558,  602.37) 
(559,  605.52) 
(560,  608.67) 
(561,  611.81) 
(562,  614.96) 
(563,  618.11) 
(564,  621.26) 
(565,  624.41) 
(566,  627.56) 
(567,  630.70) 
(568,  633.85) 
(569,  637.00) 
(570,  640.15) 
(571,  643.30) 
(572,  646.44) 
(573,  649.59) 
(574,  652.74) 
(575,  655.89) 
(576,  659.04) 
(577,  662.19) 
(578,  665.33) 
(579,  668.48) 
(580,  671.63) 
(581,  674.78) 
(582,  677.93) 
(583,  681.07) 
(584,  684.22) 
(585,  687.37) 
(586,  690.52) 
(587,  693.67) 
(588,  696.81) 
(589,  699.96) 
(590,  703.11) 
(591,  706.26) 
(592,  709.41) 
(593,  712.56) 
(594,  715.70) 
(595,  718.85) 
(596,  722.00) 
(596,  722.00) 
(597,  724.45) 
(598,  726.90) 
(599,  729.34) 
(600,  731.79) 
(601,  734.24) 
(602,  736.69) 
(603,  739.14) 
(604,  741.59) 
(605,  744.03) 
(606,  746.48) 
(607,  748.93) 
(608,  751.38) 
(609,  753.83) 
(610,  756.28) 
(611,  758.72) 
(612,  761.17) 
(613,  763.62) 
(614,  766.07) 
(615,  768.52) 
(616,  770.97) 
(617,  773.41) 
(618,  775.86) 
(619,  778.31) 
(620,  780.76) 
(621,  783.21) 
(622,  785.66) 
(623,  788.10) 
(624,  790.55) 
(625,  793.00) 
(626,  795.45) 
(627,  797.90) 
(628,  800.34) 
(629,  802.79) 
(630,  805.24) 
(631,  807.69) 
(632,  810.14) 
(633,  812.59) 
(634,  815.03) 
(635,  817.48) 
(636,  819.93) 
(637,  822.38) 
(638,  824.83) 
(639,  827.28) 
(640,  829.72) 
(641,  832.17) 
(642,  834.62) 
(643,  837.07) 
(644,  839.52) 
(645,  841.97) 
(646,  844.41) 
(647,  846.86) 
(648,  849.31) 
(649,  851.76) 
(650,  854.21) 
(651,  856.66) 
(652,  859.10) 
(653,  861.55) 
(654,  864.00) 
(654,  864.00) 
(655,  866.08) 
(656,  868.17) 
(657,  870.25) 
(658,  872.33) 
(659,  874.42) 
(660,  876.50) 
(661,  878.58) 
(662,  880.67) 
(663,  882.75) 
(664,  884.83) 
(665,  886.92) 
(666,  889.00) 
(667,  891.08) 
(668,  893.17) 
(669,  895.25) 
(670,  897.33) 
(671,  899.42) 
(672,  901.50) 
(673,  903.58) 
(674,  905.67) 
(675,  907.75) 
(676,  909.83) 
(677,  911.92) 
(678,  914.00) 
(679,  916.08) 
(680,  918.17) 
(681,  920.25) 
(682,  922.33) 
(683,  924.42) 
(684,  926.50) 
(685,  928.58) 
(686,  930.67) 
(687,  932.75) 
(688,  934.83) 
(689,  936.92) 
(690,  939.00) 
(691,  941.08) 
(692,  943.17) 
(693,  945.25) 
(694,  947.33) 
(695,  949.42) 
(696,  951.50) 
(697,  953.58) 
(698,  955.67) 
(699,  957.75) 
(700,  959.83) 
(701,  961.92) 
(702,  964.00) 
(702,  964.00) 
(703,  964.86) 
(704,  965.71) 
(705,  966.57) 
(706,  967.43) 
(707,  968.29) 
(708,  969.14) 
(709,  970.00) 
(710,  970.86) 
(711,  971.71) 
(712,  972.57) 
(713,  973.43) 
(714,  974.29) 
(715,  975.14) 
(716,  976.00) 
(717,  976.86) 
(718,  977.71) 
(719,  978.57) 
(720,  979.43) 
(721,  980.29) 
(722,  981.14) 
(723,  982.00) 
(724,  982.86) 
(725,  983.71) 
(726,  984.57) 
(727,  985.43) 
(728,  986.29) 
(729,  987.14) 
(730,  988.00) 
(731,  988.86) 
(732,  989.71) 
(733,  990.57) 
(734,  991.43) 
(735,  992.29) 
(736,  993.14) 
(737,  994.00) 
(738,  994.86) 
(739,  995.71) 
(740,  996.57) 
(741,  997.43) 
(742,  998.29) 
(743,  999.14) 
(744,  1000.00) 
(745,  998.44) 
(746,  997.67) 
(747,  996.89) 
(748,  996.11) 
(749,  995.33) 
(750,  994.56) 
(751,  993.78) 
(752,  993.00) 
(753,  992.22) 
(754,  991.44) 
(755,  990.67) 
(756,  989.89) 
(757,  989.11) 
(758,  988.33) 
(759,  987.56) 
(760,  986.78) 
(761,  986.00) 
(762,  985.22) 
(762,  986.00) 
(763,  983.82) 
(764,  981.64) 
(765,  979.45) 
(766,  977.27) 
(767,  975.09) 
(768,  972.91) 
(769,  970.73) 
(770,  968.55) 
(771,  966.36) 
(772,  964.18) 
(773,  962.00) 
(774,  959.82) 
(775,  957.64) 
(776,  955.45) 
(777,  953.27) 
(778,  951.09) 
(779,  948.91) 
(780,  946.73) 
(781,  944.55) 
(782,  942.36) 
(783,  940.18) 
(784,  938.00) 
(784,  938.00) 
(785,  935.08) 
(786,  932.15) 
(787,  929.23) 
(788,  926.31) 
(789,  923.38) 
(790,  920.46) 
(791,  917.54) 
(792,  914.62) 
(793,  911.69) 
(794,  908.77) 
(795,  905.85) 
(796,  902.92) 
(797,  900.00) 
(798,  897.08) 
(799,  894.15) 
(800,  891.23) 
(801,  888.31) 
(802,  885.38) 
(803,  882.46) 
(804,  879.54) 
(805,  876.62) 
(806,  873.69) 
(807,  870.77) 
(808,  867.85) 
(809,  864.92) 
(810,  862.00) 
(810,  862.00) 
(811,  858.27) 
(812,  854.53) 
(813,  850.80) 
(814,  847.07) 
(815,  843.33) 
(816,  839.60) 
(817,  835.87) 
(818,  832.13) 
(819,  828.40) 
(820,  824.67) 
(821,  820.93) 
(822,  817.20) 
(823,  813.47) 
(824,  809.73) 
(825,  806.00) 
(826,  802.27) 
(827,  798.53) 
(828,  794.80) 
(829,  791.07) 
(830,  787.33) 
(831,  783.60) 
(832,  779.87) 
(833,  776.13) 
(834,  772.40) 
(835,  768.67) 
(836,  764.93) 
(837,  761.20) 
(838,  757.47) 
(839,  753.73) 
(840,  750.00) 
(840,  750.00) 
(841,  745.88) 
(842,  741.76) 
(843,  737.65) 
(844,  733.53) 
(845,  729.41) 
(846,  725.29) 
(847,  721.18) 
(848,  717.06) 
(849,  712.94) 
(850,  708.82) 
(851,  704.71) 
(852,  700.59) 
(853,  696.47) 
(854,  692.35) 
(855,  688.24) 
(856,  684.12) 
(857,  680.00) 
(858,  675.88) 
(859,  671.76) 
(860,  667.65) 
(861,  663.53) 
(862,  659.41) 
(863,  655.29) 
(864,  651.18) 
(865,  647.06) 
(866,  642.94) 
(867,  638.82) 
(868,  634.71) 
(869,  630.59) 
(870,  626.47) 
(871,  622.35) 
(872,  618.24) 
(873,  614.12) 
(874,  610.00) 
(874,  610.00) 
(875,  605.47) 
(876,  600.95) 
(877,  596.42) 
(878,  591.89) 
(879,  587.37) 
(880,  582.84) 
(881,  578.32) 
(882,  573.79) 
(883,  569.26) 
(884,  564.74) 
(885,  560.21) 
(886,  555.68) 
(887,  551.16) 
(888,  546.63) 
(889,  542.11) 
(890,  537.58) 
(891,  533.05) 
(892,  528.53) 
(893,  524.00) 
(894,  519.47) 
(895,  514.95) 
(896,  510.42) 
(897,  505.89) 
(898,  501.37) 
(899,  496.84) 
(900,  492.32) 
(901,  487.79) 
(902,  483.26) 
(903,  478.74) 
(904,  474.21) 
(905,  469.68) 
(906,  465.16) 
(907,  460.63) 
(908,  456.11) 
(909,  451.58) 
(910,  447.05) 
(911,  442.53) 
(912,  438.00) 
(912,  438.00) 
(913,  433.19) 
(914,  428.38) 
(915,  423.57) 
(916,  418.76) 
(917,  413.95) 
(918,  409.14) 
(919,  404.33) 
(920,  399.52) 
(921,  394.71) 
(922,  389.90) 
(923,  385.10) 
(924,  380.29) 
(925,  375.48) 
(926,  370.67) 
(927,  365.86) 
(928,  361.05) 
(929,  356.24) 
(930,  351.43) 
(931,  346.62) 
(932,  341.81) 
(933,  337.00) 
(934,  332.19) 
(935,  327.38) 
(936,  322.57) 
(937,  317.76) 
(938,  312.95) 
(939,  308.14) 
(940,  303.33) 
(941,  298.52) 
(942,  293.71) 
(943,  288.90) 
(944,  284.10) 
(945,  279.29) 
(946,  274.48) 
(947,  269.67) 
(948,  264.86) 
(949,  260.05) 
(950,  255.24) 
(951,  250.43) 
(952,  245.62) 
(953,  240.81) 
(954,  236.00) 
(954,  236.00) 
(955,  230.87) 
(956,  225.74) 
(957,  220.61) 
(958,  215.48) 
(959,  210.35) 
(960,  205.22) 
(961,  200.09) 
(962,  194.96) 
(963,  189.83) 
(964,  184.70) 
(965,  179.57) 
(966,  174.43) 
(967,  169.30) 
(968,  164.17) 
(969,  159.04) 
(970,  153.91) 
(971,  148.78) 
(972,  143.65) 
(973,  138.52) 
(974,  133.39) 
(975,  128.26) 
(976,  123.13) 
(977,  118.00) 
(978,  112.87) 
(979,  107.74) 
(980,  102.61) 
(981,  97.48) 
(982,  92.35) 
(983,  87.22) 
(984,  82.09) 
(985,  76.96) 
(986,  71.83) 
(987,  66.70) 
(988,  61.57) 
(989,  56.43) 
(990,  51.30) 
(991,  46.17) 
(992,  41.04) 
(993,  35.91) 
(994,  30.78) 
(995,  25.65) 
(996,  20.52) 
(997,  15.39) 
(998,  10.26) 
(999,  5.13) 
(1000,  -0.00) 
