(00,  0.00) 
(01,  3.37) 
(02,  6.74) 
(03,  10.11) 
(04,  13.49) 
(05,  16.86) 
(06,  20.23) 
(07,  23.60) 
(08,  26.97) 
(09,  30.34) 
(10,  33.71) 
(11,  37.09) 
(12,  40.46) 
(13,  43.83) 
(14,  47.20) 
(15,  50.57) 
(16,  53.94) 
(17,  57.31) 
(18,  60.69) 
(19,  64.06) 
(20,  67.43) 
(21,  70.80) 
(22,  74.17) 
(23,  77.54) 
(24,  80.91) 
(25,  84.29) 
(26,  87.66) 
(27,  91.03) 
(28,  94.40) 
(29,  97.77) 
(30,  101.14) 
(31,  104.51) 
(32,  107.89) 
(33,  111.26) 
(34,  114.63) 
(35,  118.00) 
(36,  121.37) 
(37,  124.74) 
(38,  128.11) 
(39,  131.49) 
(40,  134.86) 
(41,  138.23) 
(42,  141.60) 
(43,  144.97) 
(44,  148.34) 
(45,  151.71) 
(46,  155.09) 
(47,  158.46) 
(48,  161.83) 
(49,  165.20) 
(50,  168.57) 
(51,  171.94) 
(52,  175.31) 
(53,  178.69) 
(54,  182.06) 
(55,  185.43) 
(56,  188.80) 
(57,  192.17) 
(58,  195.54) 
(59,  198.91) 
(60,  202.29) 
(61,  205.66) 
(62,  209.03) 
(63,  212.40) 
(64,  215.77) 
(65,  219.14) 
(66,  222.51) 
(67,  225.89) 
(68,  229.26) 
(69,  232.63) 
(70,  236.00) 
(70,  236.00) 
(71,  239.06) 
(72,  242.12) 
(73,  245.18) 
(74,  248.24) 
(75,  251.30) 
(76,  254.36) 
(77,  257.42) 
(78,  260.48) 
(79,  263.55) 
(80,  266.61) 
(81,  269.67) 
(82,  272.73) 
(83,  275.79) 
(84,  278.85) 
(85,  281.91) 
(86,  284.97) 
(87,  288.03) 
(88,  291.09) 
(89,  294.15) 
(90,  297.21) 
(91,  300.27) 
(92,  303.33) 
(93,  306.39) 
(94,  309.45) 
(95,  312.52) 
(96,  315.58) 
(97,  318.64) 
(98,  321.70) 
(99,  324.76) 
(100,  327.82) 
(101,  330.88) 
(102,  333.94) 
(103,  337.00) 
(104,  340.06) 
(105,  343.12) 
(106,  346.18) 
(107,  349.24) 
(108,  352.30) 
(109,  355.36) 
(110,  358.42) 
(111,  361.48) 
(112,  364.55) 
(113,  367.61) 
(114,  370.67) 
(115,  373.73) 
(116,  376.79) 
(117,  379.85) 
(118,  382.91) 
(119,  385.97) 
(120,  389.03) 
(121,  392.09) 
(122,  395.15) 
(123,  398.21) 
(124,  401.27) 
(125,  404.33) 
(126,  407.39) 
(127,  410.45) 
(128,  413.52) 
(129,  416.58) 
(130,  419.64) 
(131,  422.70) 
(132,  425.76) 
(133,  428.82) 
(134,  431.88) 
(135,  434.94) 
(136,  438.00) 
(136,  438.00) 
(137,  440.87) 
(138,  443.73) 
(139,  446.60) 
(140,  449.47) 
(141,  452.33) 
(142,  455.20) 
(143,  458.07) 
(144,  460.93) 
(145,  463.80) 
(146,  466.67) 
(147,  469.53) 
(148,  472.40) 
(149,  475.27) 
(150,  478.13) 
(151,  481.00) 
(152,  483.87) 
(153,  486.73) 
(154,  489.60) 
(155,  492.47) 
(156,  495.33) 
(157,  498.20) 
(158,  501.07) 
(159,  503.93) 
(160,  506.80) 
(161,  509.67) 
(162,  512.53) 
(163,  515.40) 
(164,  518.27) 
(165,  521.13) 
(166,  524.00) 
(167,  526.87) 
(168,  529.73) 
(169,  532.60) 
(170,  535.47) 
(171,  538.33) 
(172,  541.20) 
(173,  544.07) 
(174,  546.93) 
(175,  549.80) 
(176,  552.67) 
(177,  555.53) 
(178,  558.40) 
(179,  561.27) 
(180,  564.13) 
(181,  567.00) 
(182,  569.87) 
(183,  572.73) 
(184,  575.60) 
(185,  578.47) 
(186,  581.33) 
(187,  584.20) 
(188,  587.07) 
(189,  589.93) 
(190,  592.80) 
(191,  595.67) 
(192,  598.53) 
(193,  601.40) 
(194,  604.27) 
(195,  607.13) 
(196,  610.00) 
(196,  610.00) 
(197,  612.59) 
(198,  615.19) 
(199,  617.78) 
(200,  620.37) 
(201,  622.96) 
(202,  625.56) 
(203,  628.15) 
(204,  630.74) 
(205,  633.33) 
(206,  635.93) 
(207,  638.52) 
(208,  641.11) 
(209,  643.70) 
(210,  646.30) 
(211,  648.89) 
(212,  651.48) 
(213,  654.07) 
(214,  656.67) 
(215,  659.26) 
(216,  661.85) 
(217,  664.44) 
(218,  667.04) 
(219,  669.63) 
(220,  672.22) 
(221,  674.81) 
(222,  677.41) 
(223,  680.00) 
(224,  682.59) 
(225,  685.19) 
(226,  687.78) 
(227,  690.37) 
(228,  692.96) 
(229,  695.56) 
(230,  698.15) 
(231,  700.74) 
(232,  703.33) 
(233,  705.93) 
(234,  708.52) 
(235,  711.11) 
(236,  713.70) 
(237,  716.30) 
(238,  718.89) 
(239,  721.48) 
(240,  724.07) 
(241,  726.67) 
(242,  729.26) 
(243,  731.85) 
(244,  734.44) 
(245,  737.04) 
(246,  739.63) 
(247,  742.22) 
(248,  744.81) 
(249,  747.41) 
(250,  750.00) 
(250,  750.00) 
(251,  752.43) 
(252,  754.87) 
(253,  757.30) 
(254,  759.74) 
(255,  762.17) 
(256,  764.61) 
(257,  767.04) 
(258,  769.48) 
(259,  771.91) 
(260,  774.35) 
(261,  776.78) 
(262,  779.22) 
(263,  781.65) 
(264,  784.09) 
(265,  786.52) 
(266,  788.96) 
(267,  791.39) 
(268,  793.83) 
(269,  796.26) 
(270,  798.70) 
(271,  801.13) 
(272,  803.57) 
(273,  806.00) 
(274,  808.43) 
(275,  810.87) 
(276,  813.30) 
(277,  815.74) 
(278,  818.17) 
(279,  820.61) 
(280,  823.04) 
(281,  825.48) 
(282,  827.91) 
(283,  830.35) 
(284,  832.78) 
(285,  835.22) 
(286,  837.65) 
(287,  840.09) 
(288,  842.52) 
(289,  844.96) 
(290,  847.39) 
(291,  849.83) 
(292,  852.26) 
(293,  854.70) 
(294,  857.13) 
(295,  859.57) 
(296,  862.00) 
(296,  862.00) 
(297,  863.90) 
(298,  865.80) 
(299,  867.70) 
(300,  869.60) 
(301,  871.50) 
(302,  873.40) 
(303,  875.30) 
(304,  877.20) 
(305,  879.10) 
(306,  881.00) 
(307,  882.90) 
(308,  884.80) 
(309,  886.70) 
(310,  888.60) 
(311,  890.50) 
(312,  892.40) 
(313,  894.30) 
(314,  896.20) 
(315,  898.10) 
(316,  900.00) 
(317,  901.90) 
(318,  903.80) 
(319,  905.70) 
(320,  907.60) 
(321,  909.50) 
(322,  911.40) 
(323,  913.30) 
(324,  915.20) 
(325,  917.10) 
(326,  919.00) 
(327,  920.90) 
(328,  922.80) 
(329,  924.70) 
(330,  926.60) 
(331,  928.50) 
(332,  930.40) 
(333,  932.30) 
(334,  934.20) 
(335,  936.10) 
(336,  938.00) 
(336,  938.00) 
(337,  939.41) 
(338,  940.82) 
(339,  942.24) 
(340,  943.65) 
(341,  945.06) 
(342,  946.47) 
(343,  947.88) 
(344,  949.29) 
(345,  950.71) 
(346,  952.12) 
(347,  953.53) 
(348,  954.94) 
(349,  956.35) 
(350,  957.76) 
(351,  959.18) 
(352,  960.59) 
(353,  962.00) 
(354,  963.41) 
(355,  964.82) 
(356,  966.24) 
(357,  967.65) 
(358,  969.06) 
(359,  970.47) 
(360,  971.88) 
(361,  973.29) 
(362,  974.71) 
(363,  976.12) 
(364,  977.53) 
(365,  978.94) 
(366,  980.35) 
(367,  981.76) 
(368,  983.18) 
(369,  984.59) 
(370,  986.00) 
(370,  986.00) 
(371,  986.47) 
(372,  986.93) 
(373,  987.40) 
(374,  987.87) 
(375,  988.33) 
(376,  988.80) 
(377,  989.27) 
(378,  989.73) 
(379,  990.20) 
(380,  990.67) 
(381,  991.13) 
(382,  991.60) 
(383,  992.07) 
(384,  992.53) 
(385,  993.00) 
(386,  993.47) 
(387,  993.93) 
(388,  994.40) 
(389,  994.87) 
(390,  995.33) 
(391,  995.80) 
(392,  996.27) 
(393,  996.73) 
(394,  997.20) 
(395,  997.67) 
(396,  998.13) 
(397,  998.60) 
(398,  999.07) 
(399,  999.53) 
(400,  1000.00) 
(401,  998.30) 
(402,  997.45) 
(403,  996.60) 
(404,  995.75) 
(405,  994.90) 
(406,  994.05) 
(407,  993.20) 
(408,  992.35) 
(409,  991.50) 
(410,  990.65) 
(411,  989.80) 
(412,  988.95) 
(413,  988.10) 
(414,  987.25) 
(415,  986.40) 
(416,  985.55) 
(417,  984.70) 
(418,  983.85) 
(419,  983.00) 
(420,  982.15) 
(421,  981.30) 
(422,  980.45) 
(423,  979.60) 
(424,  978.75) 
(425,  977.90) 
(426,  977.05) 
(427,  976.20) 
(428,  975.35) 
(429,  974.50) 
(430,  973.65) 
(431,  972.80) 
(432,  971.95) 
(433,  971.10) 
(434,  970.25) 
(435,  969.40) 
(436,  968.55) 
(437,  967.70) 
(438,  966.85) 
(439,  966.00) 
(440,  965.15) 
(440,  966.00) 
(441,  963.96) 
(442,  961.92) 
(443,  959.88) 
(444,  957.83) 
(445,  955.79) 
(446,  953.75) 
(447,  951.71) 
(448,  949.67) 
(449,  947.63) 
(450,  945.58) 
(451,  943.54) 
(452,  941.50) 
(453,  939.46) 
(454,  937.42) 
(455,  935.38) 
(456,  933.33) 
(457,  931.29) 
(458,  929.25) 
(459,  927.21) 
(460,  925.17) 
(461,  923.13) 
(462,  921.08) 
(463,  919.04) 
(464,  917.00) 
(465,  914.96) 
(466,  912.92) 
(467,  910.88) 
(468,  908.83) 
(469,  906.79) 
(470,  904.75) 
(471,  902.71) 
(472,  900.67) 
(473,  898.63) 
(474,  896.58) 
(475,  894.54) 
(476,  892.50) 
(477,  890.46) 
(478,  888.42) 
(479,  886.38) 
(480,  884.33) 
(481,  882.29) 
(482,  880.25) 
(483,  878.21) 
(484,  876.17) 
(485,  874.13) 
(486,  872.08) 
(487,  870.04) 
(488,  868.00) 
(488,  868.00) 
(489,  865.44) 
(490,  862.89) 
(491,  860.33) 
(492,  857.78) 
(493,  855.22) 
(494,  852.67) 
(495,  850.11) 
(496,  847.56) 
(497,  845.00) 
(498,  842.44) 
(499,  839.89) 
(500,  837.33) 
(501,  834.78) 
(502,  832.22) 
(503,  829.67) 
(504,  827.11) 
(505,  824.56) 
(506,  822.00) 
(507,  819.44) 
(508,  816.89) 
(509,  814.33) 
(510,  811.78) 
(511,  809.22) 
(512,  806.67) 
(513,  804.11) 
(514,  801.56) 
(515,  799.00) 
(516,  796.44) 
(517,  793.89) 
(518,  791.33) 
(519,  788.78) 
(520,  786.22) 
(521,  783.67) 
(522,  781.11) 
(523,  778.56) 
(524,  776.00) 
(525,  773.44) 
(526,  770.89) 
(527,  768.33) 
(528,  765.78) 
(529,  763.22) 
(530,  760.67) 
(531,  758.11) 
(532,  755.56) 
(533,  753.00) 
(534,  750.44) 
(535,  747.89) 
(536,  745.33) 
(537,  742.78) 
(538,  740.22) 
(539,  737.67) 
(540,  735.11) 
(541,  732.56) 
(542,  730.00) 
(542,  730.00) 
(543,  727.23) 
(544,  724.47) 
(545,  721.70) 
(546,  718.93) 
(547,  716.17) 
(548,  713.40) 
(549,  710.63) 
(550,  707.87) 
(551,  705.10) 
(552,  702.33) 
(553,  699.57) 
(554,  696.80) 
(555,  694.03) 
(556,  691.27) 
(557,  688.50) 
(558,  685.73) 
(559,  682.97) 
(560,  680.20) 
(561,  677.43) 
(562,  674.67) 
(563,  671.90) 
(564,  669.13) 
(565,  666.37) 
(566,  663.60) 
(567,  660.83) 
(568,  658.07) 
(569,  655.30) 
(570,  652.53) 
(571,  649.77) 
(572,  647.00) 
(573,  644.23) 
(574,  641.47) 
(575,  638.70) 
(576,  635.93) 
(577,  633.17) 
(578,  630.40) 
(579,  627.63) 
(580,  624.87) 
(581,  622.10) 
(582,  619.33) 
(583,  616.57) 
(584,  613.80) 
(585,  611.03) 
(586,  608.27) 
(587,  605.50) 
(588,  602.73) 
(589,  599.97) 
(590,  597.20) 
(591,  594.43) 
(592,  591.67) 
(593,  588.90) 
(594,  586.13) 
(595,  583.37) 
(596,  580.60) 
(597,  577.83) 
(598,  575.07) 
(599,  572.30) 
(600,  569.53) 
(601,  566.77) 
(602,  564.00) 
(602,  564.00) 
(603,  560.81) 
(604,  557.63) 
(605,  554.44) 
(606,  551.26) 
(607,  548.07) 
(608,  544.89) 
(609,  541.70) 
(610,  538.52) 
(611,  535.33) 
(612,  532.15) 
(613,  528.96) 
(614,  525.78) 
(615,  522.59) 
(616,  519.41) 
(617,  516.22) 
(618,  513.04) 
(619,  509.85) 
(620,  506.67) 
(621,  503.48) 
(622,  500.30) 
(623,  497.11) 
(624,  493.93) 
(625,  490.74) 
(626,  487.56) 
(627,  484.37) 
(628,  481.19) 
(629,  478.00) 
(630,  474.81) 
(631,  471.63) 
(632,  468.44) 
(633,  465.26) 
(634,  462.07) 
(635,  458.89) 
(636,  455.70) 
(637,  452.52) 
(638,  449.33) 
(639,  446.15) 
(640,  442.96) 
(641,  439.78) 
(642,  436.59) 
(643,  433.41) 
(644,  430.22) 
(645,  427.04) 
(646,  423.85) 
(647,  420.67) 
(648,  417.48) 
(649,  414.30) 
(650,  411.11) 
(651,  407.93) 
(652,  404.74) 
(653,  401.56) 
(654,  398.37) 
(655,  395.19) 
(656,  392.00) 
(656,  392.00) 
(657,  389.14) 
(658,  386.28) 
(659,  383.41) 
(660,  380.55) 
(661,  377.69) 
(662,  374.83) 
(663,  371.97) 
(664,  369.10) 
(665,  366.24) 
(666,  363.38) 
(667,  360.52) 
(668,  357.66) 
(669,  354.79) 
(670,  351.93) 
(671,  349.07) 
(672,  346.21) 
(673,  343.34) 
(674,  340.48) 
(675,  337.62) 
(676,  334.76) 
(677,  331.90) 
(678,  329.03) 
(679,  326.17) 
(680,  323.31) 
(681,  320.45) 
(682,  317.59) 
(683,  314.72) 
(684,  311.86) 
(685,  309.00) 
(686,  306.14) 
(687,  303.28) 
(688,  300.41) 
(689,  297.55) 
(690,  294.69) 
(691,  291.83) 
(692,  288.97) 
(693,  286.10) 
(694,  283.24) 
(695,  280.38) 
(696,  277.52) 
(697,  274.66) 
(698,  271.79) 
(699,  268.93) 
(700,  266.07) 
(701,  263.21) 
(702,  260.34) 
(703,  257.48) 
(704,  254.62) 
(705,  251.76) 
(706,  248.90) 
(707,  246.03) 
(708,  243.17) 
(709,  240.31) 
(710,  237.45) 
(711,  234.59) 
(712,  231.72) 
(713,  228.86) 
(714,  226.00) 
(714,  226.00) 
(715,  223.17) 
(716,  220.33) 
(717,  217.50) 
(718,  214.67) 
(719,  211.83) 
(720,  209.00) 
(721,  206.17) 
(722,  203.33) 
(723,  200.50) 
(724,  197.67) 
(725,  194.83) 
(726,  192.00) 
(727,  189.17) 
(728,  186.33) 
(729,  183.50) 
(730,  180.67) 
(731,  177.83) 
(732,  175.00) 
(733,  172.17) 
(734,  169.33) 
(735,  166.50) 
(736,  163.67) 
(737,  160.83) 
(738,  158.00) 
(739,  155.17) 
(740,  152.33) 
(741,  149.50) 
(742,  146.67) 
(743,  143.83) 
(744,  141.00) 
(745,  138.17) 
(746,  135.33) 
(747,  132.50) 
(748,  129.67) 
(749,  126.83) 
(750,  124.00) 
(751,  121.17) 
(752,  118.33) 
(753,  115.50) 
(754,  112.67) 
(755,  109.83) 
(756,  107.00) 
(757,  104.17) 
(758,  101.33) 
(759,  98.50) 
(760,  95.67) 
(761,  92.83) 
(762,  90.00) 
(762,  90.00) 
(763,  87.86) 
(764,  85.71) 
(765,  83.57) 
(766,  81.43) 
(767,  79.29) 
(768,  77.14) 
(769,  75.00) 
(770,  72.86) 
(771,  70.71) 
(772,  68.57) 
(773,  66.43) 
(774,  64.29) 
(775,  62.14) 
(776,  60.00) 
(777,  57.86) 
(778,  55.71) 
(779,  53.57) 
(780,  51.43) 
(781,  49.29) 
(782,  47.14) 
(783,  45.00) 
(784,  42.86) 
(785,  40.71) 
(786,  38.57) 
(787,  36.43) 
(788,  34.29) 
(789,  32.14) 
(790,  30.00) 
(791,  27.86) 
(792,  25.71) 
(793,  23.57) 
(794,  21.43) 
(795,  19.29) 
(796,  17.14) 
(797,  15.00) 
(798,  12.86) 
(799,  10.71) 
(800,  8.57) 
(801,  6.43) 
(802,  4.29) 
(803,  2.14) 
(804,  0.00) 
(805,  -2.67) 
(806,  -4.00) 
(807,  -5.33) 
(808,  -6.67) 
(809,  -8.00) 
(810,  -9.33) 
(811,  -10.67) 
(812,  -12.00) 
(813,  -13.33) 
(814,  -14.67) 
(815,  -16.00) 
(816,  -17.33) 
(816,  -16.00) 
(817,  -16.78) 
(818,  -17.56) 
(819,  -18.33) 
(820,  -19.11) 
(821,  -19.89) 
(822,  -20.67) 
(823,  -21.44) 
(824,  -22.22) 
(825,  -23.00) 
(826,  -23.78) 
(827,  -24.56) 
(828,  -25.33) 
(829,  -26.11) 
(830,  -26.89) 
(831,  -27.67) 
(832,  -28.44) 
(833,  -29.22) 
(834,  -30.00) 
(834,  -30.00) 
(835,  -30.33) 
(836,  -30.67) 
(837,  -31.00) 
(838,  -31.33) 
(839,  -31.67) 
(840,  -32.00) 
(841,  -32.33) 
(842,  -32.67) 
(843,  -33.00) 
(844,  -33.33) 
(845,  -33.67) 
(846,  -34.00) 
(847,  -34.33) 
(848,  -34.67) 
(849,  -35.00) 
(850,  -35.33) 
(851,  -35.67) 
(852,  -36.00) 
(852,  -36.00) 
(853,  -36.17) 
(854,  -36.33) 
(855,  -36.50) 
(856,  -36.67) 
(857,  -36.83) 
(858,  -37.00) 
(859,  -37.17) 
(860,  -37.33) 
(861,  -37.50) 
(862,  -37.67) 
(863,  -37.83) 
(864,  -38.00) 
(865,  -38.17) 
(866,  -38.33) 
(867,  -38.50) 
(868,  -38.67) 
(869,  -38.83) 
(870,  -39.00) 
(871,  -39.17) 
(872,  -39.33) 
(873,  -39.50) 
(874,  -39.67) 
(875,  -39.83) 
(876,  -40.00) 
(876,  -40.00) 
(877,  -39.85) 
(878,  -39.69) 
(879,  -39.54) 
(880,  -39.38) 
(881,  -39.23) 
(882,  -39.08) 
(883,  -38.92) 
(884,  -38.77) 
(885,  -38.62) 
(886,  -38.46) 
(887,  -38.31) 
(888,  -38.15) 
(889,  -38.00) 
(890,  -37.85) 
(891,  -37.69) 
(892,  -37.54) 
(893,  -37.38) 
(894,  -37.23) 
(895,  -37.08) 
(896,  -36.92) 
(897,  -36.77) 
(898,  -36.62) 
(899,  -36.46) 
(900,  -36.31) 
(901,  -36.15) 
(902,  -36.00) 
(902,  -36.00) 
(903,  -35.79) 
(904,  -35.57) 
(905,  -35.36) 
(906,  -35.14) 
(907,  -34.93) 
(908,  -34.71) 
(909,  -34.50) 
(910,  -34.29) 
(911,  -34.07) 
(912,  -33.86) 
(913,  -33.64) 
(914,  -33.43) 
(915,  -33.21) 
(916,  -33.00) 
(917,  -32.79) 
(918,  -32.57) 
(919,  -32.36) 
(920,  -32.14) 
(921,  -31.93) 
(922,  -31.71) 
(923,  -31.50) 
(924,  -31.29) 
(925,  -31.07) 
(926,  -30.86) 
(927,  -30.64) 
(928,  -30.43) 
(929,  -30.21) 
(930,  -30.00) 
(930,  -30.00) 
(931,  -29.56) 
(932,  -29.13) 
(933,  -28.69) 
(934,  -28.25) 
(935,  -27.81) 
(936,  -27.38) 
(937,  -26.94) 
(938,  -26.50) 
(939,  -26.06) 
(940,  -25.63) 
(941,  -25.19) 
(942,  -24.75) 
(943,  -24.31) 
(944,  -23.88) 
(945,  -23.44) 
(946,  -23.00) 
(947,  -22.56) 
(948,  -22.13) 
(949,  -21.69) 
(950,  -21.25) 
(951,  -20.81) 
(952,  -20.38) 
(953,  -19.94) 
(954,  -19.50) 
(955,  -19.06) 
(956,  -18.63) 
(957,  -18.19) 
(958,  -17.75) 
(959,  -17.31) 
(960,  -16.88) 
(961,  -16.44) 
(962,  -16.00) 
(962,  -16.00) 
(963,  -15.58) 
(964,  -15.16) 
(965,  -14.74) 
(966,  -14.32) 
(967,  -13.89) 
(968,  -13.47) 
(969,  -13.05) 
(970,  -12.63) 
(971,  -12.21) 
(972,  -11.79) 
(973,  -11.37) 
(974,  -10.95) 
(975,  -10.53) 
(976,  -10.11) 
(977,  -9.68) 
(978,  -9.26) 
(979,  -8.84) 
(980,  -8.42) 
(981,  -8.00) 
(982,  -7.58) 
(983,  -7.16) 
(984,  -6.74) 
(985,  -6.32) 
(986,  -5.89) 
(987,  -5.47) 
(988,  -5.05) 
(989,  -4.63) 
(990,  -4.21) 
(991,  -3.79) 
(992,  -3.37) 
(993,  -2.95) 
(994,  -2.53) 
(995,  -2.11) 
(996,  -1.68) 
(997,  -1.26) 
(998,  -0.84) 
(999,  -0.42) 
(1000,  0.00) 
